1 1.0
0.0 0.0
4.0 4.0
60.0 60.0
0.8660254037844386 -0.5000000000000001
-0.8660254037844386 0.5000000000000001
4.866025403784438 3.5
3.1339745962155616 4.5
0.15891862259789113 0.20710678118654746 4.158918622597891 4.207106781186548
-0.15891862259789113 -0.20710678118654746 3.841081377402109 3.7928932188134525
0.16838115168876755 0.2164443436289184 3.831618848311232 3.7835556563710813
-0.15114392777456398 -0.19924564729281147 4.151143927774564 4.199245647292812
1 1.0
0.0 0.0
4.0 4.0
60.0 120.0
0.8660254037844386 -0.5000000000000001
-0.8660254037844386 0.5000000000000001
4.866025403784438 4.5
3.133974596215561 3.5000000000000004
0.0851565943414081 0.12469504755442395 4.085156594341408 5.124695047554424
-0.26602540378443873 -0.29999999999999993 3.7339745962155613 2.7
0.29724646247321906 0.3224904351546516 3.7027535375267804 2.6775095648453484
-0.08303552410519754 -0.12203444303341227 4.083035524105197 5.122034443033413
1 1.0
0.0 0.0
4.0 4.0
60.0 180.0
0.8660254037844386 -0.5000000000000001
-0.8660254037844386 0.5000000000000001
4.0 5.0
4.0 3.0
-0.0028215472916328643 -0.004919223150590679 3.1311530489239283 5.495080776849409
-0.4090427803623597 -0.3894756218639577 4.456982623422079 2.1105243781360423
0.47589502669706923 0.42075962600108985 4.390130377087369 2.07924037399891
0.0028240669890157166 0.004923645144823852 3.1311505292265456 5.495076354855176
1 1.0
0.0 0.0
4.0 4.0
60.0 240.0
0.8660254037844386 -0.5000000000000001
-0.8660254037844386 0.5000000000000001
3.1339745962155616 4.5
4.866025403784438 3.4999999999999996
-0.04466863085134476 -0.0869184399191868 2.223280561579778 4.913081560080814
-0.4023219988712232 -0.3859904922017451 5.329728808697654 2.6140095077982544
0.45458757601829103 0.41143782776614757 5.277463231550586 2.5885621722338517
0.04541242398170908 0.08856217223385249 2.222536768449414 4.911437827766148
1 1.0
0.0 0.0
4.0 4.0
60.0 300.0
0.8660254037844386 -0.5000000000000001
-0.8660254037844386 0.5000000000000001
3.1339745962155616 3.5
4.866025403784438 4.5
-0.0038771195843713135 -0.006776318657977454 2.264072072846752 3.9932236813420228
-0.29375770751223673 -0.3200668776406633 5.43829310005664 3.6799331223593366
0.319347046430997 0.33734268588275285 5.412703761137879 3.6626573141172467
0.0038836796102621474 0.006787888807065712 2.264065512820861 3.9932121111929346
1 1.0
0.0 0.0
4.0 4.0
60.0 360.0
0.8660254037844386 -0.5000000000000001
-0.8660254037844386 0.5000000000000001
3.9999999999999996 3.0
4.0 5.0
0.12103753640955206 0.16707801452620097 3.255012132625113 3.667078014526201
-0.18707071194504932 -0.23418017300202265 4.678954691839389 4.265819826997977
0.19810074286838286 0.24422889445396556 4.667924660916055 4.255771105546034
-0.11549632524215891 -0.1608374249862642 3.24947092145772 3.6608374249862643
1 1.0
0.0 0.0
4.0 4.0
120.0 60.0
0.8660254037844387 0.4999999999999997
-0.8660254037844387 -0.4999999999999997
4.866025403784438 3.5
3.1339745962155616 4.5
0.26602540378443884 1.2999999999999998 4.266025403784439 4.3
-0.08515659434140821 -1.1246950475544237 3.9148434056585923 3.875304952445576
0.2972464624732195 1.3224904351546516 3.702753537526781 3.677509564845348
-0.08303552410519766 -1.1220344430334122 4.083035524105197 4.122034443033413
1 1.0
0.0 0.0
4.0 4.0
120.0 120.0
0.8660254037844387 0.4999999999999997
-0.8660254037844387 -0.4999999999999997
4.866025403784438 4.5
3.133974596215561 3.5000000000000004
0.15891862259789125 1.2071067811865472 4.158918622597891 5.207106781186548
-0.15891862259789125 -1.2071067811865472 3.8410813774021086 2.792893218813453
0.5111789352856846 1.434924587222928 3.4888210647143154 2.5650754127770723
-0.033661856343009555 -1.054230028860508 4.033661856343009 5.054230028860508
1 1.0
0.0 0.0
4.0 4.0
120.0 180.0
0.8660254037844387 0.4999999999999997
-0.8660254037844387 -0.4999999999999997
4.0 5.0
4.0 3.0
0.045422924179978064 1.0714994054826397 3.1793975203955394 5.57149940548264
-0.28210951214346236 -1.3118141606852662 4.583915891640976 2.1881858393147335
0.7155647134329264 1.488615992516278 4.150460690351513 2.0113840074837217
0.035079925906028486 -0.9336002592289749 3.098894670309533 5.433600259228975
1 1.0
0.0 0.0
4.0 4.0
120.0 240.0
0.8660254037844387 0.4999999999999997
-0.8660254037844387 -0.4999999999999997
3.1339745962155616 4.5
4.866025403784438 3.4999999999999996
-0.0038771195843712025 0.9932236813420223 2.264072072846752 4.993223681342022
-0.29375770751223684 -1.3200668776406632 5.43829310005664 2.679933122359336
0.6361163203897382 1.4732121111929342 5.095934487179139 2.526787888807065
0.0708968560080272 -0.8495378078339723 2.197052336423096 4.849537807833973
1 1.0
0.0 0.0
4.0 4.0
120.0 300.0
0.8660254037844387 0.4999999999999997
-0.8660254037844387 -0.4999999999999997
3.1339745962155616 3.5
4.866025403784438 4.5
0.06832213588136571 1.1030501607468137 2.3362713283124887 4.103050160746814
-0.2086790223483992 -1.253588571312586 5.523371785220478 3.7464114286874137
0.45458757601829114 1.4114378277661475 5.277463231550586 3.5885621722338525
0.04541242398170897 -0.9114378277661473 2.222536768449414 3.911437827766148
1 1.0
0.0 0.0
4.0 4.0
120.0 360.0
0.8660254037844387 0.4999999999999997
-0.8660254037844387 -0.4999999999999997
3.9999999999999996 3.0
4.0 5.0
0.24242298268316365 1.2817416583479657 3.3763975788987244 3.781741658347966
-0.11707214617466144 -1.1626228323229606 4.748953257609777 4.337377167677039
0.31037859485297037 1.3314184408132141 4.555646808931468 4.168581559186785
-0.044698018532293826 -1.0704571204173672 3.1786726147478546 3.5704571204173674
1 1.0
0.0 0.0
4.0 4.0
180.0 60.0
1.2246467991473532E-16 1.0
-1.2246467991473532E-16 -1.0
4.866025403784438 3.5
3.1339745962155616 4.5
-0.4569826234220788 1.8894756218639577 4.409042780362359 4.389475621863958
0.8688469510760713 -1.4950807768494094 4.002821547291633 4.004919223150591
-0.39013037708736925 1.92075962600109 3.524104973302931 3.57924037399891
0.8688494707734542 -1.4950763548551762 3.997175933010984 3.9950763548551764
1 1.0
0.0 0.0
4.0 4.0
180.0 120.0
1.2246467991473532E-16 1.0
-1.2246467991473532E-16 -1.0
4.866025403784438 4.5
3.133974596215561 3.5000000000000004
-0.5839158916409762 1.8118141606852665 4.282109512143462 5.311814160685266
0.8206024796044605 -1.5714994054826399 3.954577075820022 2.9285005945173603
-0.15046069035151224 1.9886159925162783 3.2844352865670734 2.511384007483722
0.9011053296904671 -1.4336002592289752 3.964920074093971 4.933600259228975
1 1.0
0.0 0.0
4.0 4.0
180.0 180.0
1.2246467991473532E-16 1.0
-1.2246467991473532E-16 -1.0
4.0 5.0
4.0 3.0
-0.7071067811865474 1.7071067811865475 3.2928932188134525 5.707106781186548
0.7071067811865474 -1.7071067811865475 4.707106781186548 2.2928932188134525
1.8369701987210297E-16 2.0 4.0 2.0
0.9532542188779431 -1.3021694792519627 3.046745781122057 5.302169479251963
1 1.0
0.0 0.0
4.0 4.0
180.0 240.0
1.2246467991473532E-16 1.0
-1.2246467991473532E-16 -1.0
3.1339745962155616 4.5
4.866025403784438 3.4999999999999996
-0.7449878673748864 1.6670780145262012 2.388986728840675 5.167078014526201
0.6789546918393892 -1.7341801730020228 5.544980095623828 2.765819826997977
-0.10016923350327718 1.9949704139618252 4.966194637287715 2.5050295860381744
0.9807606052811336 -1.1952143312581944 2.153213990934428 4.695214331258194
1 1.0
0.0 0.0
4.0 4.0
180.0 300.0
1.2246467991473532E-16 1.0
-1.2246467991473532E-16 -1.0
3.1339745962155616 3.5
4.866025403784438 4.5
-0.623602421101275 1.7817416583479662 2.5103721751142865 4.281741658347966
0.7489532576097772 -1.6626228323229608 5.614978661394216 3.8373771676770394
-0.2795774544140783 1.9601231415726548 5.145602858198516 3.5398768584273452
0.9725124349150498 -1.2328509478950016 2.161462161300512 3.732850947895002
1 1.0
0.0 0.0
4.0 4.0
180.0 360.0
1.2246467991473532E-16 1.0
-1.2246467991473532E-16 -1.0
3.9999999999999996 3.0
4.0 5.0
-0.44721359549995787 1.8944271909999157 3.5527864045000417 3.8944271909999157
0.8320502943378434 -1.5547001962252294 4.832050294337844 4.445299803774771
-0.41143782776614746 1.9114378277661477 4.4114378277661475 4.0885621722338525
0.9114378277661476 -1.4114378277661477 3.088562172233852 3.411437827766148
1 1.0
0.0 0.0
4.0 4.0
240.0 60.0
-0.8660254037844384 0.5000000000000004
0.8660254037844384 -0.5000000000000004
4.866025403784438 3.5
3.1339745962155616 4.5
-1.3297288086976538 1.3859904922017456 4.402321998871223 4.385990492201746
1.7767194384202218 -0.9130815600808138 4.044668630851345 4.086918439919186
-1.2774632315505858 1.4114378277661481 3.545412423981709 3.5885621722338525
1.777463231550586 -0.9114378277661481 3.954587576018291 3.911437827766148
1 1.0
0.0 0.0
4.0 4.0
240.0 120.0
-0.8660254037844384 0.5000000000000004
0.8660254037844384 -0.5000000000000004
4.866025403784438 4.5
3.133974596215561 3.5000000000000004
-1.4382931000566401 1.3200668776406639 4.293757707512237 5.320066877640663
1.7359279271532486 -0.9932236813420223 4.003877119584372 3.0067763186579786
-1.095934487179139 1.473212111192935 3.363883679610262 2.526787888807066
1.8029476635769042 -0.849537807833973 3.9291031439919726 4.849537807833973
1 1.0
0.0 0.0
4.0 4.0
240.0 180.0
-0.8660254037844384 0.5000000000000004
0.8660254037844384 -0.5000000000000004
4.0 5.0
4.0 3.0
-1.5449800956238278 1.2341801730020232 3.3210453081606106 5.734180173002023
1.611013271159325 -1.1670780145262016 4.744987867374887 2.332921985473799
-0.9661946372877157 1.4949704139618256 4.1001692335032764 2.005029586038175
1.846786009065572 -0.695214331258195 3.0192393947188663 5.195214331258194
1 1.0
0.0 0.0
4.0 4.0
240.0 240.0
-0.8660254037844384 0.5000000000000004
0.8660254037844384 -0.5000000000000004
3.1339745962155616 4.5
4.866025403784438 3.4999999999999996
-1.5731321849709858 1.207106781186548 2.426867815029014 5.207106781186548
1.5731321849709858 -1.207106781186548 5.573132184970985 2.792893218813452
-1.0331244691880663 1.4859401109302912 5.033124469188066 2.514059889069709
1.8646223859470212 -0.5529534438519578 2.1353776140529788 4.552953443851957
1 1.0
0.0 0.0
4.0 4.0
240.0 300.0
-0.8660254037844384 0.5000000000000004
0.8660254037844384 -0.5000000000000004
3.1339745962155616 3.5
4.866025403784438 4.5
-1.4660254037844382 1.3000000000000005 2.533974596215562 4.3
1.6468942132274689 -1.1246950475544244 5.646894213227469 3.875304952445576
-1.1797175006071194 1.449524759230106 5.179717500607119 3.5504752407698943
1.8638608700803365 -0.5657600349912298 2.1361391299196635 3.5657600349912295
1 1.0
0.0 0.0
4.0 4.0
240.0 360.0
-0.8660254037844384 0.5000000000000004
0.8660254037844384 -0.5000000000000004
3.9999999999999996 3.0
4.0 5.0
-1.3230080272065172 1.3894756218639581 3.5430173765779207 3.8894756218639577
1.7348723548605098 -0.9950807768494099 4.868846951076072 4.504919223150591
-1.2917859206777345 1.4048358869180388 4.4257605168932965 4.095164113081961
1.8241158122027203 -0.7864660002459105 3.041909591581718 3.2864660002459103
1 1.0
0.0 0.0
4.0 4.0
300.0 60.0
-0.8660254037844386 -0.5
0.8660254037844386 0.5
4.866025403784438 3.5
3.1339745962155616 4.5
-1.4382931000566406 0.32006687764066344 4.293757707512237 4.320066877640663
1.7359279271532486 0.006776318657977343 4.003877119584372 4.006776318657978
-1.4127037611378803 0.33734268588275296 3.6806529535690027 3.6626573141172467
1.7359344871791393 0.006787888807065601 3.9961163203897376 3.9932121111929346
1 1.0
0.0 0.0
4.0 4.0
300.0 120.0
-0.8660254037844386 -0.5
0.8660254037844386 0.5
4.866025403784438 4.5
3.133974596215561 3.5000000000000004
-1.523371785220478 0.2535885713125863 4.208679022348399 5.253588571312586
1.6637286716875117 -0.10305016074681395 3.931677864118634 2.8969498392531863
-1.2774632315505863 0.4114378277661477 3.545412423981709 2.5885621722338525
1.7774632315505863 0.08856217223385238 3.954587576018291 4.911437827766148
1 1.0
0.0 0.0
4.0 4.0
300.0 180.0
-0.8660254037844386 -0.5
0.8660254037844386 0.5
4.0 5.0
4.0 3.0
-1.6149786613942159 0.16262283232296082 3.2510467423902227 5.662622832322961
1.4896278248857135 -0.28174165834796605 4.623602421101275 2.218258341652034
-1.145602858198517 0.46012314157265466 4.279577454414078 2.0398768584273452
1.8385378386994886 0.26714905210499845 3.02748756508495 5.232850947895002
1 1.0
0.0 0.0
4.0 4.0
300.0 240.0
-0.8660254037844386 -0.5
0.8660254037844386 0.5
3.1339745962155616 4.5
4.866025403784438 3.4999999999999996
-1.646894213227469 0.12469504755442407 2.353105786772531 5.124695047554424
1.4660254037844385 -0.30000000000000004 5.466025403784438 2.6999999999999993
-1.1797175006071194 0.4495247592301055 5.179717500607119 2.5504752407698943
1.8638608700803365 0.43423996500877055 2.1361391299196635 4.5657600349912295
1 1.0
0.0 0.0
4.0 4.0
300.0 300.0
-0.8660254037844386 -0.5
0.8660254037844386 0.5
3.1339745962155616 3.5
4.866025403784438 4.5
-1.573132184970986 0.20710678118654757 2.426867815029014 4.207106781186548
1.573132184970986 -0.20710678118654757 5.573132184970985 3.7928932188134525
-1.3020939748707612 0.39991344101015225 5.302093974870761 3.6000865589898474
1.862278650866135 0.4135160842747274 2.137721349133865 3.586483915725273
1 1.0
0.0 0.0
4.0 4.0
300.0 360.0
-0.8660254037844386 -0.5
0.8660254037844386 0.5
3.9999999999999996 3.0
4.0 5.0
-1.449941295425415 0.31181416068526646 3.416084108359023 3.8118141606852665
1.6866278833888992 -0.07149940548263989 4.82060247960446 4.42850059451736
-1.4062045306858888 0.3415500643811912 4.54017912690145 4.158449935618808
1.796479679450379 0.13359197484911678 3.069545724334059 3.3664080251508834
1 1.0
0.0 0.0
4.0 4.0
360.0 60.0
-2.4492935982947064E-16 -1.0
2.4492935982947064E-16 1.0
4.866025403784438 3.5
3.1339745962155616 4.5
-0.6789546918393895 -0.26581982699797724 4.187070711945049 4.234180173002023
0.7449878673748868 0.3329219854737989 3.8789624635904483 3.832921985473799
-0.667924660916056 -0.2557711055460343 3.801899257131617 3.755771105546034
0.7505290785422799 0.3391625750137357 4.115496325242159 4.160837424986265
1 1.0
0.0 0.0
4.0 4.0
360.0 120.0
-2.4492935982947064E-16 -1.0
2.4492935982947064E-16 1.0
4.866025403784438 4.5
3.133974596215561 3.5000000000000004
-0.7489532576097775 -0.3373771676770392 4.117072146174661 5.162622832322961
0.6236024211012753 0.21825834165203395 3.7575770173168364 2.7182583416520343
-0.5556468089314686 -0.16858155918678563 3.6896214051470295 2.6685815591867863
0.8213273852521451 0.4295428795826326 4.044698018532293 5.070457120417367
1 1.0
0.0 0.0
4.0 4.0
360.0 180.0
-2.4492935982947064E-16 -1.0
2.4492935982947064E-16 1.0
4.0 5.0
4.0 3.0
-0.8320502943378437 -0.44529980377477063 3.1679497056621564 5.554700196225229
0.4472135954999582 0.10557280900008414 4.447213595499958 2.1055728090000843
-0.4114378277661478 -0.08856217223385232 4.4114378277661475 2.0885621722338525
0.9114378277661479 0.5885621722338523 3.0885621722338525 5.411437827766148
1 1.0
0.0 0.0
4.0 4.0
360.0 240.0
-2.4492935982947064E-16 -1.0
2.4492935982947064E-16 1.0
3.1339745962155616 4.5
4.866025403784438 3.4999999999999996
-0.8688469510760717 -0.5049192231505906 2.26512764513949 4.995080776849409
0.4569826234220791 0.11052437813604221 5.323008027206518 2.610524378136042
-0.4257605168932964 -0.0951641130819616 5.291785920677734 2.595164113081961
0.9580904084182819 0.7135339997540892 2.17588418779728 4.786466000245911
1 1.0
0.0 0.0
4.0 4.0
360.0 300.0
-2.4492935982947064E-16 -1.0
2.4492935982947064E-16 1.0
3.1339745962155616 3.5
4.866025403784438 4.5
-0.8206024796044609 -0.4285005945173601 2.313372116611101 4.07149940548264
0.5839158916409766 0.18818583931473354 5.449941295425415 3.6881858393147335
-0.5401791269014503 -0.15844993561880882 5.406204530685889 3.6584499356188087
0.9304542756659406 0.6335919748491168 2.203520320549621 3.8664080251508834
1 1.0
0.0 0.0
4.0 4.0
360.0 360.0
-2.4492935982947064E-16 -1.0
2.4492935982947064E-16 1.0
3.9999999999999996 3.0
4.0 5.0
-0.7071067811865477 -0.2928932188134524 3.292893218813452 3.7071067811865475
0.7071067811865477 0.2928932188134524 4.707106781186548 4.292893218813452
-0.6455619111856354 -0.23629205920957586 4.645561911185635 4.236292059209576
0.8000000000000003 0.40000000000000013 3.1999999999999993 3.6
1 1.0
4.0 4.0
10.0 0.0
60.0 60.0
4.866025403784438 3.5
3.1339745962155616 4.5
10.86602540378444 -0.5000000000000001
9.13397459621556 0.5000000000000001
5.420725600009667 4.332050294337844 11.420725600009668 0.3320502943378437
2.5792743999903323 3.6679497056621564 8.57927439999033 -0.3320502943378433
5.710790210835544 4.035137758682667 8.289209789164454 -0.03513775868266644
2.7863168311632314 3.5623784993939083 11.21368316883677 0.4376215006060913
1 1.0
4.0 4.0
10.0 0.0
60.0 120.0
4.866025403784438 3.5
3.1339745962155616 4.5
10.86602540378444 0.4999999999999997
9.13397459621556 -0.4999999999999997
5.313238999284397 4.394427190999916 11.313238999284398 1.3944271909999155
2.493790196551082 3.731778720402624 8.493790196551082 -1.2682212795973755
5.758118381975817 3.951851876461342 8.241881618024182 -0.951851876461342
2.890835284040718 3.5300086212366915 11.109164715959283 1.469991378763308
1 1.0
4.0 4.0
10.0 0.0
60.0 180.0
4.866025403784438 3.5
3.1339745962155616 4.5
10.0 1.0
10.0 -1.0
5.303829638059974 4.399070326754482 10.437804234275536 1.8990703267544824
2.5087820390849624 3.719529458269883 9.3748074428694 -1.7804705417301172
5.716561042872323 4.025917414278481 9.149464360912114 -1.5259174142784808
2.9265899595037475 3.521740518852023 10.207384636711813 1.978259481147977
1 1.0
4.0 4.0
10.0 0.0
60.0 240.0
4.866025403784438 3.5
3.1339745962155616 4.5
9.133974596215563 0.5000000000000004
10.866025403784437 -0.5000000000000004
5.441086477843712 4.318110482209949 9.709035670274835 1.3181104822099496
2.5909600148046943 3.660276733456086 10.32301082237357 -1.3397232665439143
5.629733344574863 4.145561911185635 10.102317462994014 -1.145561911185636
2.8318051169636 3.5467457811220564 9.436144075467524 1.453254218877944
1 1.0
4.0 4.0
10.0 0.0
60.0 300.0
4.866025403784438 3.5
3.1339745962155616 4.5
9.13397459621556 -0.5
10.86602540378444 0.5
5.549857123919495 4.2296397594273 9.817806316350618 0.2296397594273002
2.6744915599626085 3.611813454619038 10.406542367531486 -0.38818654538096187
5.559567019613295 4.220416564991046 10.172483787955583 -0.2204165649910469
2.711857019554024 3.593458908006156 9.556092172877099 0.4065410919938438
1 1.0
4.0 4.0
10.0 0.0
60.0 360.0
4.866025403784438 3.5
3.1339745962155616 4.5
10.0 -1.0
10.0 1.0
5.525174559920513 4.252012227271007 10.659149156136074 -0.2479877727289932
2.6798207937971923 3.6090767015343372 9.54584619758163 0.10907670153433713
5.590991997004738 4.188784029079184 9.2750334067797 0.311215970920817
2.7025871456811723 3.597833237410378 10.43138745053439 -0.09783323741037786
1 1.0
4.0 4.0
10.0 0.0
120.0 60.0
4.866025403784438 4.5
3.133974596215561 3.5000000000000004
10.86602540378444 -0.5000000000000001
9.13397459621556 0.5000000000000001
5.506209803448918 5.268221279597376 11.506209803448918 0.26822127959737574
2.686761000715603 2.6055728090000847 8.686761000715602 -0.39442719099991563
5.758118381975817 4.951851876461342 8.241881618024182 0.04814812353865794
2.8908352840407185 2.530008621236692 11.109164715959281 0.46999137876330854
1 1.0
4.0 4.0
10.0 0.0
120.0 120.0
4.866025403784438 4.5
3.133974596215561 3.5000000000000004
10.86602540378444 0.4999999999999997
9.13397459621556 -0.4999999999999997
5.420725600009667 5.332050294337844 11.420725600009668 1.3320502943378436
2.5792743999903314 2.6679497056621573 8.57927439999033 -1.3320502943378432
5.78808105338372 4.887057333016761 8.21191894661628 -0.8870573330167615
3.007746293172278 2.507998782505378 10.992253706827723 1.492001217494622
1 1.0
4.0 4.0
10.0 0.0
120.0 180.0
4.866025403784438 4.5
3.133974596215561 3.5000000000000004
10.0 1.0
10.0 -1.0
5.429314191470162 5.326260093231876 10.563288787685723 1.8262600932318758
2.5858145739388476 2.6636265248242315 9.451839977723287 -1.836373475175769
5.752125577297316 4.963493778275876 9.113899826487122 -1.4634937782758766
3.06209412615706 2.502586746616946 10.0718804700585 1.9974132533830544
1 1.0
4.0 4.0
10.0 0.0
120.0 240.0
4.866025403784438 4.5
3.133974596215561 3.5000000000000004
9.133974596215563 0.5000000000000004
10.866025403784437 -0.5000000000000004
5.549857123919495 5.229639759427301 9.81780631635062 1.2296397594273012
2.674491559962607 2.611813454619039 10.406542367531484 -1.3881865453809619
5.681585603396796 5.078672239534827 10.05046520417208 -1.0786722395348267
2.9737663137200374 2.5129167683422873 9.294182878711085 1.4870832316577136
1 1.0
4.0 4.0
10.0 0.0
120.0 300.0
4.866025403784438 4.5
3.133974596215561 3.5000000000000004
9.13397459621556 -0.5
10.86602540378444 0.5
5.6266157072922 5.149232154325378 9.894564899723322 0.14923215432537795
2.7722520193140676 2.5677142190509703 10.504302826882945 -0.43228578094903014
5.629733344574862 5.145561911185636 10.102317462994016 -0.14556191118563566
2.8318051169635985 2.5467457811220573 9.436144075467524 0.45325421887794326
1 1.0
4.0 4.0
10.0 0.0
120.0 360.0
4.866025403784438 4.5
3.133974596215561 3.5000000000000004
10.0 -1.0
10.0 1.0
5.59703815625606 5.182363800127076 10.73101275247162 -0.3176361998729239
2.7918370989432972 2.5603501008565637 9.657862502727736 0.060350100856563005
5.6652923881657555 5.100976112402145 9.200733015618683 0.3990238875978557
2.8060940269823105 2.555280818274934 10.327880569233251 -0.05528081827493336
1 1.0
4.0 4.0
10.0 0.0
180.0 60.0
4.0 5.0
4.0 3.0
10.86602540378444 -0.5000000000000001
9.13397459621556 0.5000000000000001
4.625192557130599 5.780470541730117 11.491217960915039 0.2804705417301171
3.5621957657244643 2.100929673245518 8.696170361940025 -0.3990703267544823
4.850535639087885 5.525917414278481 8.283438957127675 -0.02591741427848071
3.792615363288186 2.021740518852023 11.073410040496253 0.4782594811479768
1 1.0
4.0 4.0
10.0 0.0
180.0 120.0
4.0 5.0
4.0 3.0
10.86602540378444 0.4999999999999997
9.13397459621556 -0.4999999999999997
4.548160022276714 5.836373475175769 11.414185426061152 1.3363734751757688
3.4367112123142767 2.173739906768124 8.570685808529838 -1.3262600932318755
4.886100173512879 5.463493778275876 8.247874422702683 -0.9634937782758763
3.928119529941499 2.0025867466169456 10.93790587384294 1.497413253383054
1 1.0
4.0 4.0
10.0 0.0
180.0 180.0
4.0 5.0
4.0 3.0
10.0 1.0
10.0 -1.0
4.554700196225229 5.832050294337844 10.55470019622523 1.8320502943378434
3.4452998037747706 2.1679497056621564 9.44529980377477 -1.8320502943378434
4.853850937602944 5.520517604269609 9.146149062397056 -1.5205176042696094
4.0 2.0 10.0 2.0
1 1.0
4.0 4.0
10.0 0.0
180.0 240.0
4.0 5.0
4.0 3.0
9.133974596215563 0.5000000000000004
10.866025403784437 -0.5000000000000004
4.659149156136075 5.752012227271007 9.793123752351637 1.2520122272710072
3.5458461975816307 2.1090767015343372 10.411871601366068 -1.3909232984656632
4.786256085988467 5.617900774595805 10.07976931779597 -1.1179007745958058
3.904820280323063 2.004539894841476 9.2291543158925 1.4954601051585246
1 1.0
4.0 4.0
10.0 0.0
180.0 300.0
4.0 5.0
4.0 3.0
9.13397459621556 -0.5
10.86602540378444 0.5
4.731012752471621 5.682363800127076 9.864987348687182 0.1823638001270761
3.6578625027277356 2.060350100856563 10.523887906512176 -0.439649899143437
4.735406349485697 5.677626372816261 10.130619054298743 -0.1776263728162608
3.7326450684525976 2.0364018780750537 9.401329527762963 0.4635981219249463
1 1.0
4.0 4.0
10.0 0.0
180.0 360.0
4.0 5.0
4.0 3.0
10.0 -1.0
10.0 1.0
4.707106781186548 5.707106781186547 10.707106781186548 -0.29289321881345265
3.683772233983162 2.051316701949486 9.683772233983161 0.05131670194948623
4.763707940790424 5.645561911185635 9.236292059209577 0.35443808881436434
3.6978305207480373 2.046745781122057 10.302169479251962 -0.04674578112205674
1 1.0
4.0 4.0
10.0 0.0
240.0 60.0
3.1339745962155616 4.5
4.866025403784438 3.4999999999999996
10.86602540378444 -0.5000000000000001
9.13397459621556 0.5000000000000001
3.676989177626429 5.339723266543913 11.409039985195307 0.3397232665439136
4.290964329725165 2.6818895177900504 8.558913522156288 -0.318110482209949
3.897682537005986 5.145561911185635 8.370266655425137 -0.14556191118563555
4.563855924532477 2.546745781122056 11.168194883036401 0.45325421887794337
1 1.0
4.0 4.0
10.0 0.0
240.0 120.0
3.1339745962155616 4.5
4.866025403784438 3.4999999999999996
10.86602540378444 0.4999999999999997
9.13397459621556 -0.4999999999999997
3.593457632468515 5.388186545380962 11.325508440037392 1.3881865453809616
4.182193683649381 2.7703602405726993 8.450142876080504 -1.2296397594272999
3.9495347958279186 5.078672239534827 8.318414396603202 -1.078672239534826
4.705817121288915 2.5129167683422864 11.026233686279962 1.4870832316577127
1 1.0
4.0 4.0
10.0 0.0
240.0 180.0
3.1339745962155616 4.5
4.866025403784438 3.4999999999999996
10.0 1.0
10.0 -1.0
3.588128398633931 5.390923298465663 10.45415380241837 1.8909232984656628
4.206876247648363 2.747987772728993 9.340850843863926 -1.7520122272710068
3.9202306822040285 5.117900774595805 9.213743914011532 -1.6179007745958054
4.770845684107502 2.5045398948414754 10.095179719676937 1.9954601051585241
1 1.0
4.0 4.0
10.0 0.0
240.0 240.0
3.1339745962155616 4.5
4.866025403784438 3.4999999999999996
9.133974596215563 0.5000000000000004
10.866025403784437 -0.5000000000000004
3.6886747924407906 5.332050294337844 9.688674792440791 1.3320502943378443
4.311325207559209 2.6679497056621564 10.311325207559207 -1.3320502943378438
3.846417943734539 5.201729632106236 10.15358205626546 -1.2017296321062365
4.648545253531736 2.523935256119727 9.351454746468265 1.476064743880273
1 1.0
4.0 4.0
10.0 0.0
240.0 300.0
3.1339745962155616 4.5
4.866025403784438 3.4999999999999996
9.13397459621556 -0.5
10.86602540378444 0.5
3.7741589958800414 5.268221279597376 9.77415899588004 0.26822127959737585
4.41881180828448 2.605572809000084 10.418811808284481 -0.39442719099991574
3.785220559021071 5.258866718159076 10.21477944097893 -0.25886671815907525
4.47288323736116 2.5805223020757864 9.52711676263884 0.4194776979242132
1 1.0
4.0 4.0
10.0 0.0
240.0 360.0
3.1339745962155616 4.5
4.866025403784438 3.4999999999999996
10.0 -1.0
10.0 1.0
3.759167153346161 5.280470541730117 10.6251925571306 -0.2195294582698828
4.428221169508903 2.600929673245517 9.562195765724464 0.1009296732455176
3.8037777513974285 5.242538708289619 9.330196844818133 0.2574612917103817
4.456101520260726 2.5878802656904965 10.409923883523712 -0.08788026569049723
1 1.0
4.0 4.0
10.0 0.0
300.0 60.0
3.1339745962155616 3.5
4.866025403784438 4.5
10.86602540378444 -0.5000000000000001
9.13397459621556 0.5000000000000001
3.593457632468515 4.388186545380962 11.325508440037392 0.38818654538096176
4.182193683649381 3.7703602405726997 8.450142876080504 -0.22963975942730008
3.827516212044418 4.220416564991046 8.440432980386705 -0.22041656499104678
4.443907827122901 3.5934589080061556 11.288142980445976 0.40654109199384403
1 1.0
4.0 4.0
10.0 0.0
300.0 120.0
3.1339745962155616 3.5
4.866025403784438 4.5
10.86602540378444 0.4999999999999997
9.13397459621556 -0.4999999999999997
3.4956971731170556 4.43228578094903 11.227747980685933 1.43228578094903
4.105435100276677 3.850767845674622 8.373384292707799 -1.1492321543253776
3.897682537005986 4.145561911185635 8.370266655425137 -1.1455619111856354
4.563855924532477 3.5467457811220564 11.168194883036401 1.4532542188779431
1 1.0
4.0 4.0
10.0 0.0
300.0 180.0
3.1339745962155616 3.5
4.866025403784438 4.5
10.0 1.0
10.0 -1.0
3.476112093487826 4.439649899143437 10.342137497272264 1.939649899143437
4.135012651312817 3.817636199872924 9.26898724752838 -1.6823638001270762
3.8693809457012582 4.177626372816261 9.264593650514303 -1.6776263728162608
4.5986704722370355 3.5364018780750537 10.267354931547402 1.9635981219249463
1 1.0
4.0 4.0
10.0 0.0
300.0 240.0
3.1339745962155616 3.5
4.866025403784438 4.5
9.133974596215563 0.5000000000000004
10.866025403784437 -0.5000000000000004
3.58118819171552 4.394427190999916 9.58118819171552 1.3944271909999162
4.2258410041199586 3.731778720402624 10.225841004119957 -1.2682212795973764
3.785220559021071 4.258866718159076 10.214779440978928 -1.2588667181590756
4.47288323736116 3.580522302075787 9.527116762638842 1.4194776979242136
1 1.0
4.0 4.0
10.0 0.0
300.0 300.0
3.1339745962155616 3.5
4.866025403784438 4.5
9.13397459621556 -0.5
10.86602540378444 0.5
3.688674792440791 4.332050294337844 9.688674792440791 0.3320502943378434
4.31132520755921 3.6679497056621564 10.31132520755921 -0.33205029433784383
3.709841319383518 4.317543587307613 10.290158680616482 -0.3175435873076128
4.339009499229427 3.650144579151217 9.660990500770573 0.3498554208487833
1 1.0
4.0 4.0
10.0 0.0
300.0 360.0
3.1339745962155616 3.5
4.866025403784438 4.5
10.0 -1.0
10.0 1.0
3.6821346184922756 4.336373475175769 10.548160022276713 -0.163626524824231
4.302736616098715 3.673739906768124 9.436711212314277 0.17373990676812423
3.7202382099621767 4.310120346119489 9.413736386253385 0.18987965388051142
4.342700968248206 3.647866480432389 10.523324435536232 -0.14786648043238904
1 1.0
4.0 4.0
10.0 0.0
360.0 60.0
3.9999999999999996 3.0
4.0 5.0
10.86602540378444 -0.5000000000000001
9.13397459621556 0.5000000000000001
4.454153802418369 3.8909232984656628 11.320179206202809 0.39092329846566276
3.340850843863925 4.247987772728993 8.474825440079485 -0.2520122272710067
4.724966593220299 3.688784029079183 8.409008002995261 -0.1887840290791829
3.5686125494656107 4.097833237410378 11.297412854318829 0.40216676258962203
1 1.0
4.0 4.0
10.0 0.0
360.0 120.0
3.9999999999999996 3.0
4.0 5.0
10.86602540378444 0.4999999999999997
9.13397459621556 -0.4999999999999997
4.3421374972722635 3.939649899143437 11.208162901056703 1.4396498991434368
3.2689872475283788 4.317636199872924 8.40296184374394 -1.1823638001270758
4.799266984381317 3.6009761124021447 8.334707611834244 -1.100976112402144
3.6721194307667493 4.055280818274934 11.19390597301769 1.4447191817250664
1 1.0
4.0 4.0
10.0 0.0
360.0 180.0
3.9999999999999996 3.0
4.0 5.0
10.0 1.0
10.0 -1.0
4.316227766016838 3.948683298050514 10.316227766016839 1.9486832980505138
3.292893218813452 4.292893218813453 9.292893218813452 -1.7071067811865475
4.7637079407904235 3.6455619111856357 9.236292059209577 -1.6455619111856357
3.6978305207480373 4.046745781122056 10.302169479251962 1.9532542188779431
1 1.0
4.0 4.0
10.0 0.0
360.0 240.0
3.9999999999999996 3.0
4.0 5.0
9.133974596215563 0.5000000000000004
10.866025403784437 -0.5000000000000004
4.437804234275536 3.899070326754482 9.571778830491098 1.3990703267544828
3.374807442869401 4.219529458269883 10.240832846653838 -1.2804705417301177
4.669803155181866 3.742538708289619 10.19622224860257 -1.2425387082896187
3.590076116476288 4.087880265690497 9.543898479739275 1.412119734309503
1 1.0
4.0 4.0
10.0 0.0
360.0 300.0
3.9999999999999996 3.0
4.0 5.0
9.13397459621556 -0.5
10.86602540378444 0.5
4.563288787685723 3.826260093231876 9.697263383901284 0.32626009323187577
3.451839977723286 4.163626524824231 10.317865381507726 -0.336373475175769
4.586263613746614 3.8101203461194886 10.279761790037824 -0.3101203461194886
3.476675564463769 4.147866480432389 9.657299031751792 0.3521335195676114
1 1.0
4.0 4.0
10.0 0.0
360.0 360.0
3.9999999999999996 3.0
4.0 5.0
10.0 -1.0
10.0 1.0
4.554700196225229 3.8320502943378436 10.55470019622523 -0.1679497056621566
3.4452998037747706 4.167949705662156 9.44529980377477 0.1679497056621566
4.6 3.8 9.4 0.20000000000000018
3.47948239573039 4.146149062397057 10.52051760426961 -0.1461490623970566
1 1.0
10.0 0.0
10.0 10.0
60.0 60.0
10.86602540378444 -0.5000000000000001
9.13397459621556 0.5000000000000001
10.86602540378444 9.5
9.13397459621556 10.5
9.86602540378444 -0.5 9.86602540378444 9.5
10.13397459621556 0.5 10.13397459621556 10.5
9.866323272604808 -0.4755940803307278 10.133676727395192 10.475594080330728
10.133528748657588 0.5298579358948846 9.866471251342412 9.470142064105115
1 1.0
10.0 0.0
10.0 10.0
60.0 120.0
10.86602540378444 -0.5000000000000001
9.13397459621556 0.5000000000000001
10.86602540378444 10.5
9.13397459621556 9.5
9.86602540378444 -0.5 9.86602540378444 10.5
10.13397459621556 0.5 10.13397459621556 9.5
9.866386128776675 -0.4731426013554767 10.133613871223325 9.473142601355477
10.133613871223325 0.5268573986445236 9.866386128776675 10.473142601355477
1 1.0
10.0 0.0
10.0 10.0
60.0 180.0
10.86602540378444 -0.5000000000000001
9.13397459621556 0.5000000000000001
10.0 11.0
10.0 9.0
9.868848938831702 -0.5750939261482639 9.002823535047263 10.924906073851735
10.12882434738267 0.398639393240077 10.99484975116711 8.898639393240076
9.873254504752433 -0.3799752440736456 10.992770899032006 8.879975244073645
10.128072752538527 0.6084843564541941 9.005901843677034 10.891515643545807
1 1.0
10.0 0.0
10.0 10.0
60.0 240.0
10.86602540378444 -0.5000000000000001
9.13397459621556 0.5000000000000001
9.133974596215563 10.5
10.866025403784437 9.5
9.878196242637177 -0.6555427542095633 8.1461454350683 10.344457245790437
10.115955102277526 0.31101776349538696 11.848005909846403 9.311017763495387
9.886229506671167 -0.29999999999999993 11.84582130089771 9.299999999999999
10.113770493328833 0.7 8.15417869910229 10.3
1 1.0
10.0 0.0
10.0 10.0
60.0 300.0
10.86602540378444 -0.5000000000000001
9.13397459621556 0.5000000000000001
9.13397459621556 9.5
10.86602540378444 10.5
9.880696125620146 -0.6706640371965723 8.148645318051267 9.329335962803428
10.119303874379854 0.3293359628034278 11.851354681948733 10.329335962803428
9.882693237748805 -0.31818181818181845 11.849357569820073 10.318181818181818
10.10897063925913 0.7222222222222223 8.158978553171991 9.277777777777779
1 1.0
10.0 0.0
10.0 10.0
60.0 360.0
10.86602540378444 -0.5000000000000001
9.13397459621556 0.5000000000000001
10.0 9.0
10.0 11.0
9.870154808898617 -0.5907841299003203 9.004129405114178 8.909215870099679
10.130590491755685 0.41780050634732135 10.996615895540124 10.917800506347321
9.870935608589138 -0.40102374275528596 10.995089795195302 10.901023742755287
10.124910947480938 0.6343322289730262 9.009063648734623 8.865667771026974
1 1.0
10.0 0.0
10.0 10.0
120.0 60.0
10.86602540378444 0.4999999999999997
9.13397459621556 -0.4999999999999997
10.86602540378444 9.5
9.13397459621556 10.5
9.86602540378444 0.4999999999999998 9.86602540378444 9.5
10.13397459621556 -0.4999999999999998 10.13397459621556 10.5
9.866386128776675 0.5268573986445232 10.133613871223325 10.473142601355477
10.133613871223325 -0.4731426013554762 9.866386128776675 9.473142601355477
1 1.0
10.0 0.0
10.0 10.0
120.0 120.0
10.86602540378444 0.4999999999999997
9.13397459621556 -0.4999999999999997
10.86602540378444 10.5
9.13397459621556 9.5
9.86602540378444 0.4999999999999998 9.86602540378444 10.5
10.13397459621556 -0.4999999999999998 10.13397459621556 9.5
9.866471251342414 0.5298579358948853 10.133528748657586 9.470142064105115
10.133676727395192 -0.4755940803307273 9.866323272604808 10.475594080330728
1 1.0
10.0 0.0
10.0 10.0
120.0 180.0
10.86602540378444 0.4999999999999997
9.13397459621556 -0.4999999999999997
10.0 11.0
10.0 9.0
9.869409508244315 0.41780050634732113 9.003384104459876 10.917800506347321
10.129845191101383 -0.5907841299003199 10.995870594885822 8.909215870099679
9.875089052519062 0.6343322289730258 10.990936351265377 8.865667771026974
10.129064391410862 -0.4010237427552857 9.004910204804698 10.901023742755287
1 1.0
10.0 0.0
10.0 10.0
120.0 240.0
10.86602540378444 0.4999999999999997
9.13397459621556 -0.4999999999999997
9.133974596215563 10.5
10.866025403784437 9.5
9.880696125620146 0.3293359628034276 8.148645318051269 10.329335962803428
10.119303874379854 -0.670664037196572 11.851354681948731 9.329335962803428
9.89102936074087 0.7222222222222221 11.841021446828007 9.277777777777777
10.117306762251195 -0.318181818181818 8.150642430179929 10.318181818181818
1 1.0
10.0 0.0
10.0 10.0
120.0 300.0
10.86602540378444 0.4999999999999997
9.13397459621556 -0.4999999999999997
9.13397459621556 9.5
10.86602540378444 10.5
9.884044897722474 0.3110177634953867 8.151994090153595 9.311017763495387
10.121803757362823 -0.6555427542095631 11.853854564931702 10.344457245790437
9.886229506671167 0.7 11.845821300897711 10.299999999999999
10.113770493328833 -0.2999999999999998 8.154178699102289 9.3
1 1.0
10.0 0.0
10.0 10.0
120.0 360.0
10.86602540378444 0.4999999999999997
9.13397459621556 -0.4999999999999997
10.0 9.0
10.0 11.0
9.87117565261733 0.39863939324007674 9.00515024883289 8.898639393240076
10.131151061168298 -0.5750939261482637 10.997176464952737 10.924906073851735
9.871927247461473 0.6084843564541936 10.994098156322966 10.891515643545805
10.126745495247567 -0.3799752440736453 9.007229100967994 8.879975244073645
1 1.0
10.0 0.0
10.0 10.0
180.0 60.0
10.0 1.0
10.0 -1.0
10.86602540378444 9.5
9.13397459621556 10.5
9.00515024883289 1.101360606759923 9.87117565261733 9.601360606759924
10.997176464952737 -0.9249060738517362 10.131151061168298 10.575093926148265
9.007229100967994 1.1200247559263536 10.126745495247567 10.379975244073647
10.994098156322966 -0.891515643545806 9.871927247461473 9.391515643545807
1 1.0
10.0 0.0
10.0 10.0
180.0 120.0
10.0 1.0
10.0 -1.0
10.86602540378444 10.5
9.13397459621556 9.5
9.004129405114178 1.0907841299003203 9.870154808898617 10.590784129900321
10.996615895540124 -0.9178005063473214 10.130590491755685 9.582199493652679
9.009063648734623 1.134332228973026 10.124910947480938 9.365667771026974
10.995089795195302 -0.901023742755286 9.870935608589138 10.401023742755287
1 1.0
10.0 0.0
10.0 10.0
180.0 180.0
10.0 1.0
10.0 -1.0
10.0 11.0
10.0 9.0
9.0 1.0 9.0 11.0
11.0 -1.0 11.0 9.0
9.031754163448145 1.2500000000000002 10.968245836551855 8.75
10.98601329718327 -0.8333333333333334 9.01398670281673 10.833333333333334
1 1.0
10.0 0.0
10.0 10.0
180.0 240.0
10.0 1.0
10.0 -1.0
9.133974596215563 10.5
10.866025403784437 9.5
9.004129405114178 0.90921587009968 8.13810400132974 10.409215870099679
10.996615895540124 -1.0821994936526786 11.862641299324562 9.417800506347321
9.056517095517332 1.331421195684508 11.809508308267105 9.168578804315493
10.969043918389755 -0.753111595590579 8.164930677825808 10.253111595590578
1 1.0
10.0 0.0
10.0 10.0
180.0 300.0
10.0 1.0
10.0 -1.0
9.13397459621556 9.5
10.86602540378444 10.5
9.00515024883289 0.898639393240077 8.139124845048451 9.398639393240076
10.997176464952737 -1.075093926148264 11.863201868737177 10.424906073851735
9.045296151683793 1.297557661656064 11.820729252100646 10.202442338343936
10.962890033664067 -0.7301059780758157 8.171084562551494 9.230105978075816
1 1.0
10.0 0.0
10.0 10.0
180.0 360.0
10.0 1.0
10.0 -1.0
10.0 9.0
10.0 11.0
9.0 1.0 9.0 9.0
11.0 -1.0 11.0 11.0
9.020204102886728 1.2000000000000002 10.979795897113272 10.799999999999999
10.979795897113272 -0.8000000000000002 9.020204102886728 8.8
1 1.0
10.0 0.0
10.0 10.0
240.0 60.0
9.133974596215563 0.5000000000000004
10.866025403784437 -0.5000000000000004
10.86602540378444 9.5
9.13397459621556 10.5
8.151994090153597 0.6889822365046137 9.884044897722474 9.688982236504613
11.8538545649317 -0.34445724579043724 10.121803757362823 10.655542754209563
8.15417869910229 0.7000000000000006 10.113770493328833 10.299999999999999
11.84582130089771 -0.3000000000000006 9.886229506671167 9.3
1 1.0
10.0 0.0
10.0 10.0
240.0 120.0
9.133974596215563 0.5000000000000004
10.866025403784437 -0.5000000000000004
10.86602540378444 10.5
9.13397459621556 9.5
8.148645318051269 0.6706640371965727 9.880696125620146 10.670664037196572
11.851354681948731 -0.32933596280342825 10.119303874379854 9.670664037196572
8.158978553171993 0.7222222222222228 10.10897063925913 9.277777777777777
11.849357569820071 -0.3181818181818187 9.882693237748805 10.318181818181818
1 1.0
10.0 0.0
10.0 10.0
240.0 180.0
9.133974596215563 0.5000000000000004
10.866025403784437 -0.5000000000000004
10.0 11.0
10.0 9.0
8.137358700675438 0.5821994936526792 9.003384104459876 11.082199493652679
11.86189599867026 -0.40921587009968036 10.995870594885822 9.090784129900321
8.190491691732895 0.8314211956845083 10.943482904482668 8.668578804315493
11.835069322174192 -0.2531115955905795 9.030956081610245 10.753111595590578
1 1.0
10.0 0.0
10.0 10.0
240.0 240.0
9.133974596215563 0.5000000000000004
10.866025403784437 -0.5000000000000004
9.133974596215563 10.5
10.866025403784437 9.5
8.133974596215563 0.5000000000000006 8.133974596215563 10.5
11.866025403784437 -0.5000000000000006 11.866025403784437 9.5
8.21689905365777 0.8987134926765437 11.78310094634223 9.101286507323456
11.8098549282683 -0.16956720999185354 8.1901450717317 10.169567209991854
1 1.0
10.0 0.0
10.0 10.0
240.0 300.0
9.133974596215563 0.5000000000000004
10.866025403784437 -0.5000000000000004
9.13397459621556 9.5
10.86602540378444 10.5
8.133974596215563 0.5000000000000006 8.13397459621556 9.5
11.866025403784437 -0.5000000000000006 11.86602540378444 10.5
8.201599430239598 0.8614921159185837 11.798400569760403 10.138507884081417
11.798400569760402 -0.13850788408141718 8.201599430239597 9.138507884081417
1 1.0
10.0 0.0
10.0 10.0
240.0 360.0
9.133974596215563 0.5000000000000004
10.866025403784437 -0.5000000000000004
10.0 9.0
10.0 11.0
8.139124845048453 0.6013606067599235 9.00515024883289 9.101360606759924
11.863201868737175 -0.4249060738517366 10.997176464952737 11.075093926148265
8.171084562551496 0.7698940219241845 10.962890033664067 10.730105978075816
11.820729252100644 -0.2024423383439375 9.045296151683793 8.702442338343937
1 1.0
10.0 0.0
10.0 10.0
300.0 60.0
9.13397459621556 -0.5
10.86602540378444 0.5
10.86602540378444 9.5
9.13397459621556 10.5
8.148645318051267 -0.3293359628034277 9.880696125620146 9.670664037196572
11.851354681948733 0.6706640371965722 10.119303874379854 10.670664037196572
8.150642430179927 -0.31818181818181834 10.117306762251195 10.318181818181818
11.841021446828009 0.7222222222222222 9.89102936074087 9.277777777777779
1 1.0
10.0 0.0
10.0 10.0
300.0 120.0
9.13397459621556 -0.5
10.86602540378444 0.5
10.86602540378444 10.5
9.13397459621556 9.5
8.146145435068298 -0.34445724579043663 9.878196242637177 10.655542754209563
11.848005909846405 0.688982236504613 10.115955102277526 9.688982236504613
8.154178699102289 -0.2999999999999998 10.113770493328833 9.299999999999999
11.845821300897711 0.6999999999999998 9.886229506671167 10.3
1 1.0
10.0 0.0
10.0 10.0
300.0 180.0
9.13397459621556 -0.5
10.86602540378444 0.5
10.0 11.0
10.0 9.0
8.136798131262823 -0.424906073851736 9.002823535047263 11.075093926148265
11.860875154951549 0.601360606759923 10.99484975116711 9.101360606759924
8.179270747899354 -0.20244233834393693 10.954703848316207 8.702442338343936
11.828915437448506 0.7698940219241843 9.037109966335933 10.730105978075816
1 1.0
10.0 0.0
10.0 10.0
300.0 240.0
9.13397459621556 -0.5
10.86602540378444 0.5
9.133974596215563 10.5
10.866025403784437 9.5
8.13397459621556 -0.49999999999999994 8.133974596215563 10.5
11.86602540378444 0.49999999999999994 11.866025403784437 9.5
8.201599430239597 -0.1385078840814168 11.798400569760402 9.138507884081417
11.798400569760403 0.8614921159185833 8.201599430239598 10.138507884081417
1 1.0
10.0 0.0
10.0 10.0
300.0 300.0
9.13397459621556 -0.5
10.86602540378444 0.5
9.13397459621556 9.5
10.86602540378444 10.5
8.13397459621556 -0.49999999999999994 8.13397459621556 9.5
11.86602540378444 0.49999999999999994 11.86602540378444 10.5
8.190145071731699 -0.1695672099918532 11.809854928268301 10.169567209991854
11.783100946342234 0.8987134926765431 8.216899053657766 9.101286507323458
1 1.0
10.0 0.0
10.0 10.0
300.0 360.0
9.13397459621556 -0.5
10.86602540378444 0.5
10.0 9.0
10.0 11.0
8.138104001329738 -0.4092158700996798 9.004129405114178 9.090784129900321
11.862641299324563 0.5821994936526786 10.996615895540124 11.082199493652679
8.164930677825806 -0.25311159559057894 10.969043918389755 10.75311159559058
11.809508308267107 0.831421195684508 9.056517095517332 8.668578804315493
1 1.0
10.0 0.0
10.0 10.0
360.0 60.0
10.0 -1.0
10.0 1.0
10.86602540378444 9.5
9.13397459621556 10.5
9.003384104459876 -0.9178005063473212 9.869409508244315 9.582199493652679
10.995870594885822 1.09078412990032 10.129845191101383 10.590784129900321
9.004910204804698 -0.9010237427552859 10.129064391410862 10.401023742755287
10.990936351265377 1.134332228973026 9.875089052519062 9.365667771026974
1 1.0
10.0 0.0
10.0 10.0
360.0 120.0
10.0 -1.0
10.0 1.0
10.86602540378444 10.5
9.13397459621556 9.5
9.002823535047263 -0.9249060738517361 9.868848938831702 10.575093926148265
10.99484975116711 1.1013606067599229 10.12882434738267 9.601360606759924
9.005901843677034 -0.8915156435458061 10.128072752538527 9.391515643545805
10.992770899032006 1.1200247559263536 9.873254504752433 10.379975244073647
1 1.0
10.0 0.0
10.0 10.0
360.0 180.0
10.0 -1.0
10.0 1.0
10.0 11.0
10.0 9.0
9.0 -0.9999999999999999 9.0 11.0
11.0 0.9999999999999999 11.0 9.0
9.020204102886728 -0.7999999999999998 10.979795897113272 8.799999999999999
10.979795897113272 1.2 9.020204102886728 10.8
1 1.0
10.0 0.0
10.0 10.0
360.0 240.0
10.0 -1.0
10.0 1.0
9.133974596215563 10.5
10.866025403784437 9.5
9.002823535047263 -1.075093926148264 8.136798131262825 10.424906073851735
10.99484975116711 0.8986393932400769 11.860875154951547 9.398639393240076
9.037109966335933 -0.7301059780758159 11.828915437448504 9.230105978075816
10.954703848316207 1.297557661656063 8.179270747899356 10.202442338343937
1 1.0
10.0 0.0
10.0 10.0
360.0 300.0
10.0 -1.0
10.0 1.0
9.13397459621556 9.5
10.86602540378444 10.5
9.003384104459876 -1.0821994936526786 8.137358700675437 9.417800506347321
10.995870594885822 0.9092158700996797 11.861895998670262 10.409215870099679
9.030956081610245 -0.7531115955905789 11.835069322174194 10.25311159559058
10.943482904482668 1.331421195684508 8.190491691732893 9.168578804315493
1 1.0
10.0 0.0
10.0 10.0
360.0 360.0
10.0 -1.0
10.0 1.0
10.0 9.0
10.0 11.0
9.0 -0.9999999999999999 9.0 9.0
11.0 0.9999999999999999 11.0 11.0
9.01398670281673 -0.8333333333333333 10.98601329718327 10.833333333333334
10.968245836551855 1.25 9.031754163448145 8.75
1 1.0
10.0 10.0
6.0 6.0
60.0 60.0
10.86602540378444 9.5
9.13397459621556 10.5
6.866025403784438 5.5
5.133974596215562 6.5
11.573132184970987 8.792893218813454 7.573132184970986 4.792893218813453
8.426867815029013 11.207106781186546 4.426867815029014 7.207106781186547
11.033124469188067 8.51405988906971 4.966875530811933 7.485940110930291
8.135377614052977 10.552953443851957 7.864622385947021 5.447046556148043
1 1.0
10.0 10.0
6.0 6.0
60.0 120.0
10.86602540378444 9.5
9.13397459621556 10.5
6.866025403784438 6.5
5.133974596215562 5.5
11.466025403784439 8.7 7.466025403784438 5.7
8.353105786772531 11.124695047554424 4.353105786772531 6.124695047554424
11.17971750060712 8.550475240769895 4.820282499392881 6.449524759230106
8.136139129919663 10.565760034991229 7.8638608700803365 6.4342399650087705
1 1.0
10.0 10.0
6.0 6.0
60.0 180.0
10.86602540378444 9.5
9.13397459621556 10.5
6.0 7.0
6.0 5.0
11.32300802720652 8.610524378136043 6.456982623422079 6.110524378136042
8.26512764513949 10.99508077684941 5.131153048923929 5.49508077684941
11.291785920677736 8.595164113081962 5.574239483106704 5.904835886918039
8.17588418779728 10.78646600024591 6.958090408418282 6.713533999754089
1 1.0
10.0 10.0
6.0 6.0
60.0 240.0
10.86602540378444 9.5
9.13397459621556 10.5
5.133974596215562 6.5
6.866025403784438 5.5
11.329728808697656 8.614009507798254 5.597678001128777 5.614009507798255
8.223280561579777 10.913081560080814 5.955331369148656 5.913081560080815
11.277463231550588 8.588562172233853 6.454587576018291 6.4114378277661475
8.222536768449412 10.911437827766147 6.045412423981709 6.0885621722338525
1 1.0
10.0 10.0
6.0 6.0
60.0 300.0
10.86602540378444 9.5
9.13397459621556 10.5
5.133974596215562 5.5
6.866025403784438 6.5
11.43829310005664 8.679933122359337 5.706242292487763 4.679933122359336
8.264072072846751 10.993223681342023 5.996122880415628 6.993223681342023
11.09593448717914 8.526787888807066 6.636116320389737 7.473212111192934
8.197052336423095 10.849537807833972 6.070896856008027 5.150462192166028
1 1.0
10.0 10.0
6.0 6.0
60.0 360.0
10.86602540378444 9.5
9.13397459621556 10.5
6.0 5.0
6.0 7.0
11.544980095623828 8.765819826997976 6.678954691839389 4.265819826997977
8.388986728840674 11.1670780145262 5.255012132625113 7.667078014526201
10.966194637287717 8.505029586038175 5.899830766496722 7.994970413961825
8.153213990934427 10.695214331258196 6.980760605281134 4.804785668741804
1 1.0
10.0 10.0
6.0 6.0
120.0 60.0
10.86602540378444 10.5
9.13397459621556 9.5
6.866025403784438 5.5
5.133974596215562 6.5
11.646894213227469 9.875304952445576 7.646894213227469 4.875304952445576
8.533974596215561 10.3 4.533974596215562 7.3
11.17971750060712 9.550475240769895 4.820282499392881 7.449524759230106
8.136139129919663 9.565760034991229 7.8638608700803365 5.4342399650087705
1 1.0
10.0 10.0
6.0 6.0
120.0 120.0
10.86602540378444 10.5
9.13397459621556 9.5
6.866025403784438 6.5
5.133974596215562 5.5
11.573132184970987 9.792893218813454 7.573132184970986 5.792893218813453
8.426867815029013 10.207106781186546 4.426867815029014 6.207106781186547
11.302093974870761 9.600086558989847 4.697906025129241 6.3999134410101535
8.137721349133864 9.586483915725273 7.862278650866135 6.413516084274727
1 1.0
10.0 10.0
6.0 6.0
120.0 180.0
10.86602540378444 10.5
9.13397459621556 9.5
6.0 7.0
6.0 5.0
11.449941295425416 9.688185839314734 6.583915891640977 6.188185839314734
8.3133721166111 10.07149940548264 5.17939752039554 5.57149940548264
11.406204530685889 9.658449935618808 5.4598208730985505 5.841550064381192
8.20352032054962 9.866408025150882 6.930454275665941 6.633591974849117
1 1.0
10.0 10.0
6.0 6.0
120.0 240.0
10.86602540378444 10.5
9.13397459621556 9.5
5.133974596215562 6.5
6.866025403784438 5.5
11.43829310005664 9.679933122359337 5.706242292487763 5.679933122359336
8.264072072846751 9.993223681342023 5.996122880415628 5.993223681342023
11.41270376113788 9.662657314117247 6.319347046430997 6.337342685882754
8.26406551282086 9.993212111192936 6.003883679610262 6.006787888807065
1 1.0
10.0 10.0
6.0 6.0
120.0 300.0
10.86602540378444 10.5
9.13397459621556 9.5
5.133974596215562 5.5
6.866025403784438 6.5
11.523371785220478 9.746411428687413 5.7913209776516 4.746411428687413
8.336271328312488 10.103050160746815 6.068322135881365 7.103050160746814
11.277463231550588 9.588562172233853 6.454587576018291 7.4114378277661475
8.222536768449412 9.911437827766147 6.045412423981709 5.0885621722338525
1 1.0
10.0 10.0
6.0 6.0
120.0 360.0
10.86602540378444 10.5
9.13397459621556 9.5
6.0 5.0
6.0 7.0
11.614978661394217 9.837377167677039 6.748953257609776 4.3373771676770385
8.510372175114284 10.281741658347965 5.376397578898724 7.781741658347966
11.145602858198519 9.539876858427345 5.720422545585921 7.960123141572654
8.161462161300511 9.732850947895002 6.97251243491505 4.767149052104998
1 1.0
10.0 10.0
6.0 6.0
180.0 60.0
10.0 11.0
10.0 9.0
6.866025403784438 5.5
5.133974596215562 6.5
10.86884695107607 10.50491922315059 7.734872354860509 5.00491922315059
9.54301737657792 9.889475621863957 4.676991972793482 7.389475621863958
10.425760516893297 10.095164113081962 4.708214079322266 7.404835886918039
9.04190959158172 9.28646600024591 7.82411581220272 5.213533999754089
1 1.0
10.0 10.0
6.0 6.0
180.0 120.0
10.0 11.0
10.0 9.0
6.866025403784438 6.5
5.133974596215562 5.5
10.82060247960446 10.42850059451736 7.686627883388899 5.92850059451736
9.416084108359023 9.811814160685266 4.550058704574584 6.311814160685266
10.54017912690145 10.158449935618808 4.593795469314111 6.341550064381192
9.06954572433406 9.366408025150882 7.796479679450379 6.133591974849117
1 1.0
10.0 10.0
6.0 6.0
180.0 180.0
10.0 11.0
10.0 9.0
6.0 7.0
6.0 5.0
10.707106781186548 10.292893218813454 6.707106781186548 6.292893218813453
9.292893218813452 9.707106781186546 5.292893218813452 5.707106781186547
10.645561911185636 10.236292059209577 5.354438088814364 5.7637079407904235
9.200000000000001 9.600000000000001 6.799999999999999 6.3999999999999995
1 1.0
10.0 10.0
6.0 6.0
180.0 240.0
10.0 11.0
10.0 9.0
5.133974596215562 6.5
6.866025403784438 5.5
10.678954691839389 10.265819826997976 5.812929288054951 5.765819826997977
9.255012132625113 9.6670780145262 6.121037536409552 6.167078014526201
10.667924660916055 10.255771105546033 6.198100742868383 6.244228894453967
9.24947092145772 9.660837424986264 5.884503674757841 5.839162575013736
1 1.0
10.0 10.0
6.0 6.0
180.0 300.0
10.0 11.0
10.0 9.0
5.133974596215562 5.5
6.866025403784438 6.5
10.748953257609777 10.337377167677039 5.882927853825338 4.8373771676770385
9.376397578898725 9.781741658347965 6.242422982683163 7.281741658347966
10.555646808931469 10.168581559186785 6.3103785948529705 7.331418440813215
9.178672614747855 9.570457120417366 5.955301981467707 4.929542879582633
1 1.0
10.0 10.0
6.0 6.0
180.0 360.0
10.0 11.0
10.0 9.0
6.0 5.0
6.0 7.0
10.832050294337844 10.445299803774772 6.832050294337844 4.4452998037747715
9.552786404500043 9.894427190999917 5.552786404500043 7.894427190999917
10.411437827766148 10.088562172233853 5.5885621722338525 7.9114378277661475
9.088562172233852 9.411437827766147 6.9114378277661475 4.5885621722338525
1 1.0
10.0 10.0
6.0 6.0
240.0 60.0
9.133974596215563 10.5
10.866025403784437 9.5
6.866025403784438 5.5
5.133974596215562 6.5
10.044668630851346 10.086918439919186 7.776719438420221 5.086918439919185
10.402321998871221 10.385990492201746 4.670271191302346 7.385990492201745
9.54541242398171 9.588562172233853 4.722536768449414 7.4114378277661475
9.95458757601829 9.911437827766147 7.777463231550586 5.0885621722338525
1 1.0
10.0 10.0
6.0 6.0
240.0 120.0
9.133974596215563 10.5
10.866025403784437 9.5
6.866025403784438 6.5
5.133974596215562 5.5
10.003877119584372 10.006776318657977 7.735927927153249 6.006776318657977
10.293757707512235 10.320066877640663 4.56170689994336 6.320066877640664
9.680652953569004 9.662657314117247 4.587296238862121 6.337342685882754
9.996116320389737 9.993212111192936 7.735934487179139 6.006787888807065
1 1.0
10.0 10.0
6.0 6.0
240.0 180.0
9.133974596215563 10.5
10.866025403784437 9.5
6.0 7.0
6.0 5.0
9.87896246359045 9.8329219854738 6.744987867374887 6.332921985473799
10.187070711945049 10.234180173002024 5.321045308160611 5.734180173002023
9.801899257131618 9.755771105546033 5.332075339083945 5.744228894453967
10.115496325242157 10.160837424986264 6.7505290785422805 6.339162575013736
1 1.0
10.0 10.0
6.0 6.0
240.0 240.0
9.133974596215563 10.5
10.866025403784437 9.5
5.133974596215562 6.5
6.866025403784438 5.5
9.84108137740211 9.792893218813454 5.8410813774021095 5.792893218813453
10.15891862259789 10.207106781186546 6.1589186225978905 6.207106781186547
9.831618848311233 9.783555656371082 6.168381151688768 6.216444343628919
10.151143927774562 10.19924564729281 5.848856072225437 5.800754352707189
1 1.0
10.0 10.0
6.0 6.0
240.0 300.0
9.133974596215563 10.5
10.866025403784437 9.5
5.133974596215562 5.5
6.866025403784438 6.5
9.914843405658592 9.875304952445576 5.914843405658592 4.875304952445576
10.266025403784438 10.3 6.266025403784439 7.3
9.702753537526782 9.677509564845348 6.297246462473219 7.322490435154652
10.083035524105197 10.122034443033412 5.916964475894803 4.877965556966587
1 1.0
10.0 10.0
6.0 6.0
240.0 360.0
9.133974596215563 10.5
10.866025403784437 9.5
6.0 5.0
6.0 7.0
10.002821547291633 10.00491922315059 6.868846951076071 4.50491922315059
10.409042780362357 10.389475621863957 5.543017376577921 7.889475621863958
9.524104973302931 9.57924037399891 5.60986962291263 7.9207596260010895
9.997175933010983 9.995076354855176 6.868849470773454 4.504923645144824
1 1.0
10.0 10.0
6.0 6.0
300.0 60.0
9.13397459621556 9.5
10.86602540378444 10.5
6.866025403784438 5.5
5.133974596215562 6.5
10.00387711958437 9.006776318657977 7.735927927153249 5.006776318657977
10.293757707512238 11.320066877640663 4.56170689994336 7.320066877640664
9.363883679610261 8.526787888807066 4.904065512820861 7.473212111192934
9.929103143991973 10.849537807833972 7.802947663576904 5.150462192166028
1 1.0
10.0 10.0
6.0 6.0
300.0 120.0
9.13397459621556 9.5
10.86602540378444 10.5
6.866025403784438 6.5
5.133974596215562 5.5
9.931677864118633 8.896949839253185 7.663728671687512 5.896949839253186
10.2086790223484 11.253588571312587 4.476628214779523 6.253588571312587
9.545412423981709 8.588562172233853 4.722536768449414 6.4114378277661475
9.954587576018291 10.911437827766147 7.777463231550586 6.0885621722338525
1 1.0
10.0 10.0
6.0 6.0
300.0 180.0
9.13397459621556 9.5
10.86602540378444 10.5
6.0 7.0
6.0 5.0
9.757577017316837 8.718258341652035 6.623602421101276 6.218258341652034
10.117072146174662 11.162622832322961 5.251046742390224 5.6626228323229615
9.68962140514703 8.668581559186785 5.444353191068532 5.831418440813215
10.044698018532294 11.070457120417366 6.821327385252145 6.429542879582633
1 1.0
10.0 10.0
6.0 6.0
300.0 240.0
9.13397459621556 9.5
10.86602540378444 10.5
5.133974596215562 6.5
6.866025403784438 5.5
9.73397459621556 8.7 5.733974596215561 5.7
10.08515659434141 11.124695047554424 6.085156594341408 6.124695047554424
9.702753537526778 8.677509564845348 6.297246462473219 6.322490435154652
10.083035524105199 11.122034443033412 5.916964475894803 5.877965556966587
1 1.0
10.0 10.0
6.0 6.0
300.0 300.0
9.13397459621556 9.5
10.86602540378444 10.5
5.133974596215562 5.5
6.866025403784438 6.5
9.841081377402109 8.792893218813454 5.8410813774021095 4.792893218813453
10.158918622597891 11.207106781186546 6.1589186225978905 7.207106781186547
9.488821064714315 8.565075412777071 6.5111789352856855 7.434924587222929
10.033661856343011 11.054230028860509 5.96633814365699 4.945769971139491
1 1.0
10.0 10.0
6.0 6.0
300.0 360.0
9.13397459621556 9.5
10.86602540378444 10.5
6.0 5.0
6.0 7.0
9.954577075820021 8.92850059451736 6.82060247960446 4.42850059451736
10.282109512143462 11.311814160685266 5.416084108359023 7.811814160685266
9.284435286567074 8.511384007483722 5.8495393096484865 7.988615992516278
9.964920074093973 10.933600259228976 6.901105329690466 4.566399740771024
1 1.0
10.0 10.0
6.0 6.0
360.0 60.0
10.0 9.0
10.0 11.0
6.866025403784438 5.5
5.133974596215562 6.5
10.744987867374887 8.3329219854738 7.611013271159325 4.832921985473799
9.321045308160611 11.734180173002024 4.455019904376172 7.234180173002023
10.100169233503278 8.005029586038175 5.033805362712283 7.494970413961825
9.019239394718866 11.195214331258196 7.846786009065572 5.304785668741804
1 1.0
10.0 10.0
6.0 6.0
360.0 120.0
10.0 9.0
10.0 11.0
6.866025403784438 6.5
5.133974596215562 5.5
10.623602421101275 8.218258341652035 7.489627824885714 5.718258341652034
9.251046742390223 11.662622832322961 4.385021338605785 6.1626228323229615
10.27957745441408 8.039876858427345 4.854397141801482 6.460123141572654
9.02748756508495 11.232850947895002 7.838537838699488 6.267149052104998
1 1.0
10.0 10.0
6.0 6.0
360.0 180.0
10.0 9.0
10.0 11.0
6.0 7.0
6.0 5.0
10.447213595499957 8.105572809000083 6.447213595499957 6.105572809000083
9.167949705662156 11.554700196225228 5.167949705662156 5.5547001962252285
10.411437827766148 8.088562172233853 5.5885621722338525 5.9114378277661475
9.088562172233852 11.411437827766147 6.9114378277661475 6.5885621722338525
1 1.0
10.0 10.0
6.0 6.0
360.0 240.0
10.0 9.0
10.0 11.0
5.133974596215562 6.5
6.866025403784438 5.5
10.45698262342208 8.110524378136043 5.590957219637641 5.610524378136042
9.13115304892393 11.49508077684941 5.997178452708368 5.99508077684941
10.390130377087369 8.07924037399891 6.475895026697068 6.4207596260010895
9.131150529226545 11.495076354855176 6.002824066989016 6.004923645144824
1 1.0
10.0 10.0
6.0 6.0
360.0 300.0
10.0 9.0
10.0 11.0
5.133974596215562 5.5
6.866025403784438 6.5
10.583915891640977 8.188185839314734 5.717890487856539 4.688185839314734
9.17939752039554 11.57149940548264 6.045422924179978 7.07149940548264
10.150460690351514 8.011384007483722 6.715564713432925 7.488615992516278
9.098894670309534 11.433600259228976 6.035079925906028 5.066399740771024
1 1.0
10.0 10.0
6.0 6.0
360.0 360.0
10.0 9.0
10.0 11.0
6.0 5.0
6.0 7.0
10.707106781186548 8.292893218813454 6.707106781186548 4.292893218813453
9.292893218813452 11.707106781186546 5.292893218813452 7.707106781186547
9.999999999999998 8.0 6.000000000000001 8.0
9.046745781122056 11.302169479251962 6.953254218877944 4.697830520748038
1 1.0
6.0 6.0
0.0 10.0
60.0 60.0
6.866025403784438 5.5
5.133974596215562 6.5
0.8660254037844386 9.5
-0.8660254037844386 10.5
6.31132520755921 4.667949705662156 0.3113252075592099 8.667949705662156
5.68867479244079 7.332050294337844 -0.3113252075592099 11.332050294337844
6.153582056265462 4.798270367893763 -0.15358205626546184 11.201729632106236
5.351454746468264 7.476064743880273 0.6485452535317366 8.523935256119728
1 1.0
6.0 6.0
0.0 10.0
60.0 120.0
6.866025403784438 5.5
5.133974596215562 6.5
0.8660254037844387 10.5
-0.8660254037844387 9.5
6.225841004119958 4.731778720402625 0.22584100411995822 9.731778720402625
5.581188191715519 7.394427190999917 -0.41881180828448145 10.394427190999917
6.21477944097893 4.741133281840924 -0.2147794409789303 10.258866718159076
5.5271167626388396 7.419477697924213 0.47288323736116034 9.580522302075787
1 1.0
6.0 6.0
0.0 10.0
60.0 180.0
6.866025403784438 5.5
5.133974596215562 6.5
1.2246467991473532E-16 11.0
-1.2246467991473532E-16 9.0
6.24083284665384 4.719529458269882 -0.6251925571305982 10.219529458269882
5.571778830491098 7.399070326754482 0.43780423427553644 9.899070326754481
6.196222248602572 4.7574612917103805 0.6698031551818662 9.742538708289619
5.5438984797392745 7.412119734309503 -0.40992388352371284 10.087880265690497
1 1.0
6.0 6.0
0.0 10.0
60.0 240.0
6.866025403784438 5.5
5.133974596215562 6.5
-0.8660254037844384 10.5
0.8660254037844384 9.5
6.323010822373572 4.660276733456086 -1.4090399851953048 9.660276733456087
5.709035670274835 7.318110482209949 1.4410864778437111 10.31811048220995
6.102317462994015 4.854438088814364 1.629733344574862 10.145561911185636
5.436144075467523 7.453254218877944 -1.1681948830364002 9.546745781122057
1 1.0
6.0 6.0
0.0 10.0
60.0 300.0
6.866025403784438 5.5
5.133974596215562 6.5
-0.8660254037844386 9.5
0.8660254037844386 10.5
6.406542367531485 4.611813454619038 -1.3255084400373915 8.611813454619039
5.817806316350619 7.229639759427301 1.5498571239194954 11.2296397594273
6.050465204172081 4.921327760465172 1.6815856033967957 11.078672239534827
5.2941828787110845 7.487083231657714 -1.0262336862799613 8.512916768342286
1 1.0
6.0 6.0
0.0 10.0
60.0 360.0
6.866025403784438 5.5
5.133974596215562 6.5
-2.4492935982947064E-16 9.0
2.4492935982947064E-16 11.0
6.4118716013660695 4.609076701534336 -0.4541538024183687 8.109076701534336
5.7931237523516375 7.252012227271006 0.6591491561360757 11.752012227271006
6.079769317795972 4.882099225404193 0.7862560859884662 11.617900774595807
5.229154315892499 7.495460105158524 -0.09517971967693808 8.004539894841477
1 1.0
6.0 6.0
0.0 10.0
120.0 60.0
6.866025403784438 6.5
5.133974596215562 5.5
0.8660254037844386 9.5
-0.8660254037844386 10.5
6.418811808284481 5.605572809000083 0.41881180828448134 8.605572809000083
5.774158995880042 6.268221279597375 -0.2258410041199581 11.268221279597375
6.21477944097893 5.741133281840924 -0.2147794409789302 11.258866718159076
5.5271167626388396 6.419477697924213 0.4728832373611602 8.580522302075787
1 1.0
6.0 6.0
0.0 10.0
120.0 120.0
6.866025403784438 6.5
5.133974596215562 5.5
0.8660254037844387 10.5
-0.8660254037844387 9.5
6.31132520755921 5.667949705662156 0.31132520755921 9.667949705662156
5.68867479244079 6.332050294337844 -0.31132520755921 10.332050294337844
6.290158680616481 5.682456412692387 -0.29015868061648176 10.317543587307613
5.6609905007705725 6.349855420848784 0.3390094992294276 9.650144579151217
1 1.0
6.0 6.0
0.0 10.0
120.0 180.0
6.866025403784438 6.5
5.133974596215562 5.5
1.2246467991473532E-16 11.0
-1.2246467991473532E-16 9.0
6.317865381507725 5.66362652482423 -0.5481600222767129 10.163626524824231
5.697263383901285 6.326260093231876 0.5632887876857232 9.826260093231875
6.279761790037823 5.689879653880511 0.5862636137466147 9.810120346119488
5.657299031751793 6.352133519567611 -0.523324435536232 10.14786648043239
1 1.0
6.0 6.0
0.0 10.0
120.0 240.0
6.866025403784438 6.5
5.133974596215562 5.5
-0.8660254037844384 10.5
0.8660254037844384 9.5
6.406542367531485 5.611813454619038 -1.3255084400373913 9.611813454619039
5.817806316350619 6.229639759427301 1.549857123919495 10.2296397594273
6.172483787955582 5.779583435008953 1.5595670196132945 10.220416564991048
5.556092172877099 6.406541091993844 -1.288142980445976 9.593458908006156
1 1.0
6.0 6.0
0.0 10.0
120.0 300.0
6.866025403784438 6.5
5.133974596215562 5.5
-0.8660254037844386 9.5
0.8660254037844386 10.5
6.5043028268829435 5.56771421905097 -1.227747980685933 8.56771421905097
5.894564899723322 6.149232154325379 1.6266157072921992 11.149232154325379
6.102317462994015 5.854438088814364 1.6297333445748623 11.145561911185636
5.436144075467523 6.453254218877944 -1.1681948830364002 8.546745781122057
1 1.0
6.0 6.0
0.0 10.0
120.0 360.0
6.866025403784438 6.5
5.133974596215562 5.5
-2.4492935982947064E-16 9.0
2.4492935982947064E-16 11.0
6.523887906512174 5.560350100856563 -0.3421374972722643 8.060350100856564
5.864987348687182 6.182363800127076 0.7310127524716213 11.682363800127076
6.130619054298743 5.8223736271837385 0.7354063494856963 11.677626372816261
5.401329527762964 6.463598121924947 -0.26735493154740264 8.036401878075054
1 1.0
6.0 6.0
0.0 10.0
180.0 60.0
6.0 7.0
6.0 5.0
0.8660254037844386 9.5
-0.8660254037844386 10.5
5.562195765724463 6.100929673245518 0.42822116950890204 8.600929673245519
6.625192557130598 5.780470541730118 -0.2408328466538403 11.280470541730118
5.330196844818134 6.2574612917103805 -0.1962222486025723 11.242538708289619
6.409923883523713 5.912119734309503 0.45610152026072565 8.587880265690497
1 1.0
6.0 6.0
0.0 10.0
180.0 120.0
6.0 7.0
6.0 5.0
0.8660254037844387 10.5
-0.8660254037844387 9.5
5.436711212314277 6.173739906768124 0.3027366160987154 9.673739906768125
6.548160022276713 5.83637347517577 -0.3178653815077257 10.336373475175769
5.413736386253385 6.189879653880511 -0.27976179003782387 10.310120346119488
6.523324435536232 5.852133519567611 0.3427009682482066 9.64786648043239
1 1.0
6.0 6.0
0.0 10.0
180.0 180.0
6.0 7.0
6.0 5.0
1.2246467991473532E-16 11.0
-1.2246467991473532E-16 9.0
5.4452998037747715 6.167949705662156 -0.5547001962252286 10.167949705662156
6.5547001962252285 5.832050294337844 0.5547001962252286 9.832050294337844
5.4 6.2 0.6 9.8
6.520517604269611 5.853850937602942 -0.5205176042696114 10.146149062397058
1 1.0
6.0 6.0
0.0 10.0
180.0 240.0
6.0 7.0
6.0 5.0
-0.8660254037844384 10.5
0.8660254037844384 9.5
5.545846197581631 6.109076701534336 -1.3201792062028068 9.609076701534336
6.659149156136076 5.752012227271006 1.5251745599205138 10.252012227271006
5.2750334067797 6.311215970920817 1.5909919970047384 10.188784029079182
6.431387450534389 5.902166762589623 -1.2974128543188277 9.597833237410377
1 1.0
6.0 6.0
0.0 10.0
180.0 300.0
6.0 7.0
6.0 5.0
-0.8660254037844386 9.5
0.8660254037844386 10.5
5.657862502727736 6.060350100856563 -1.2081629010567028 8.560350100856564
6.731012752471621 5.682363800127076 1.5970381562560596 11.182363800127076
5.200733015618683 6.399023887597856 1.665292388165756 11.100976112402144
6.327880569233249 5.944719181725067 -1.1939059730176884 8.555280818274934
1 1.0
6.0 6.0
0.0 10.0
180.0 360.0
6.0 7.0
6.0 5.0
-2.4492935982947064E-16 9.0
2.4492935982947064E-16 11.0
5.683772233983162 6.051316701949486 -0.3162277660168382 8.051316701949487
6.707106781186548 5.707106781186547 0.7071067811865485 11.707106781186546
5.2362920592095765 6.354438088814364 0.7637079407904239 11.645561911185636
6.302169479251962 5.953254218877944 -0.3021694792519619 8.046745781122057
1 1.0
6.0 6.0
0.0 10.0
240.0 60.0
5.133974596215562 6.5
6.866025403784438 5.5
0.8660254037844386 9.5
-0.8660254037844386 10.5
4.558913522156288 5.681889517790051 0.2909643297251657 8.68188951779005
7.409039985195305 6.339723266543914 -0.32301082237357226 11.339723266543913
4.370266655425138 5.854438088814364 -0.1023174629940149 11.145561911185636
7.1681948830364 6.453254218877944 0.5638559245324769 8.546745781122057
1 1.0
6.0 6.0
0.0 10.0
240.0 120.0
5.133974596215562 6.5
6.866025403784438 5.5
0.8660254037844387 10.5
-0.8660254037844387 9.5
4.450142876080505 5.770360240572699 0.18219368364938204 9.7703602405727
7.3255084400373915 6.388186545380962 -0.4065423675314857 10.388186545380961
4.4404329803867055 5.779583435008953 -0.1724837879555826 10.220416564991048
7.288142980445976 6.406541091993844 0.44390782712290106 9.593458908006156
1 1.0
6.0 6.0
0.0 10.0
240.0 180.0
5.133974596215562 6.5
6.866025403784438 5.5
1.2246467991473532E-16 11.0
-1.2246467991473532E-16 9.0
4.474825440079486 5.747987772728994 -0.6591491561360754 10.247987772728994
7.320179206202807 6.390923298465664 0.4541538024183684 9.890923298465664
4.409008002995262 5.811215970920817 0.7249665932202999 9.688784029079182
7.297412854318827 6.402166762589623 -0.4313874505343893 10.097833237410377
1 1.0
6.0 6.0
0.0 10.0
240.0 240.0
5.133974596215562 6.5
6.866025403784438 5.5
-0.8660254037844384 10.5
0.8660254037844384 9.5
4.579274399990333 5.667949705662156 -1.420725600009667 9.667949705662156
7.420725600009667 6.332050294337844 1.420725600009667 10.332050294337844
4.289209789164456 5.964862241317333 1.7107902108355442 10.035137758682666
7.213683168836767 6.437621500606092 -1.2136831688367677 9.562378499393908
1 1.0
6.0 6.0
0.0 10.0
240.0 300.0
5.133974596215562 6.5
6.866025403784438 5.5
-0.8660254037844386 9.5
0.8660254037844386 10.5
4.686761000715604 5.605572809000083 -1.3132389992843958 8.605572809000083
7.506209803448919 6.268221279597375 1.506209803448919 11.268221279597375
4.241881618024183 6.048148123538657 1.758118381975817 10.951851876461344
7.109164715959281 6.469991378763309 -1.109164715959281 8.530008621236691
1 1.0
6.0 6.0
0.0 10.0
240.0 360.0
5.133974596215562 6.5
6.866025403784438 5.5
-2.4492935982947064E-16 9.0
2.4492935982947064E-16 11.0
4.696170361940025 5.600929673245518 -0.4378042342755368 8.100929673245519
7.491217960915037 6.280470541730118 0.6251925571305985 11.780470541730118
4.283438957127676 5.974082585721519 0.8505356390878854 11.52591741427848
7.073410040496252 6.478259481147977 -0.20738463671181334 8.021740518852022
1 1.0
6.0 6.0
0.0 10.0
300.0 60.0
5.133974596215562 5.5
6.866025403784438 6.5
0.8660254037844386 9.5
-0.8660254037844386 10.5
4.450142876080505 4.770360240572699 0.18219368364938193 8.7703602405727
7.3255084400373915 7.388186545380962 -0.4065423675314856 11.388186545380961
4.318414396603204 4.921327760465172 -0.05046520417208156 11.078672239534827
7.026233686279961 7.487083231657714 0.7058171212889158 8.512916768342286
1 1.0
6.0 6.0
0.0 10.0
300.0 120.0
5.133974596215562 5.5
6.866025403784438 6.5
0.8660254037844387 10.5
-0.8660254037844387 9.5
4.373384292707801 4.850767845674621 0.10543510027667802 9.850767845674621
7.227747980685933 7.43228578094903 -0.5043028268829441 10.43228578094903
4.370266655425138 4.854438088814364 -0.10231746299401501 10.145561911185636
7.1681948830364 7.453254218877944 0.563855924532477 9.546745781122057
1 1.0
6.0 6.0
0.0 10.0
300.0 180.0
5.133974596215562 5.5
6.866025403784438 6.5
1.2246467991473532E-16 11.0
-1.2246467991473532E-16 9.0
4.402961843743941 4.817636199872924 -0.731012752471621 10.317636199872924
7.208162901056703 7.439649899143437 0.34213749727226395 9.939649899143436
4.334707611834244 4.899023887597856 0.7992669843813173 9.600976112402144
7.193905973017688 7.444719181725067 -0.32788056923324976 10.055280818274934
1 1.0
6.0 6.0
0.0 10.0
300.0 240.0
5.133974596215562 5.5
6.866025403784438 6.5
-0.8660254037844384 10.5
0.8660254037844384 9.5
4.493790196551081 4.731778720402625 -1.5062098034489189 9.731778720402625
7.313238999284396 7.394427190999917 1.3132389992843956 10.394427190999917
4.241881618024183 5.048148123538657 1.7581183819758168 9.951851876461344
7.109164715959281 7.469991378763309 -1.1091647159592808 9.530008621236691
1 1.0
6.0 6.0
0.0 10.0
300.0 300.0
5.133974596215562 5.5
6.866025403784438 6.5
-0.8660254037844386 9.5
0.8660254037844386 10.5
4.579274399990333 4.667949705662156 -1.4207256000096673 8.667949705662156
7.420725600009667 7.332050294337844 1.4207256000096673 11.332050294337844
4.211918946616281 5.112942666983238 1.7880810533837193 10.887057333016761
6.992253706827722 7.4920012174946224 -0.9922537068277226 8.507998782505378
1 1.0
6.0 6.0
0.0 10.0
300.0 360.0
5.133974596215562 5.5
6.866025403784438 6.5
-2.4492935982947064E-16 9.0
2.4492935982947064E-16 11.0
4.570685808529838 4.673739906768124 -0.5632887876857235 8.173739906768125
7.4141854260611515 7.33637347517577 0.5481600222767132 11.836373475175769
4.247874422702684 5.036506221724124 0.8861001735128782 11.463493778275877
6.93790587384294 7.497413253383054 -0.0718804700585016 8.002586746616945
1 1.0
6.0 6.0
0.0 10.0
360.0 60.0
6.0 5.0
6.0 7.0
0.8660254037844386 9.5
-0.8660254037844386 10.5
5.340850843863924 4.247987772728994 0.2068762476483631 8.747987772728994
6.454153802418369 7.890923298465664 -0.4118716013660701 11.390923298465664
5.213743914011534 4.382099225404193 -0.07976931779597263 11.117900774595807
6.0951797196769375 7.995460105158524 0.7708456841075008 8.504539894841477
1 1.0
6.0 6.0
0.0 10.0
360.0 120.0
6.0 5.0
6.0 7.0
0.8660254037844387 10.5
-0.8660254037844387 9.5
5.268987247528379 4.317636199872924 0.1350126513128176 9.817636199872924
6.342137497272264 7.939649899143437 -0.5238879065121747 10.439649899143436
5.264593650514304 4.3223736271837385 -0.13061905429874265 10.177626372816261
6.267354931547402 7.963598121924947 0.5986704722370363 9.536401878075054
1 1.0
6.0 6.0
0.0 10.0
360.0 180.0
6.0 5.0
6.0 7.0
1.2246467991473532E-16 11.0
-1.2246467991473532E-16 9.0
5.292893218813452 4.292893218813453 -0.7071067811865481 10.292893218813454
6.316227766016838 7.948683298050514 0.3162277660168379 9.948683298050513
5.2362920592095765 4.354438088814364 0.7637079407904236 9.645561911185636
6.302169479251962 7.953254218877944 -0.3021694792519616 10.046745781122057
1 1.0
6.0 6.0
0.0 10.0
360.0 240.0
6.0 5.0
6.0 7.0
-0.8660254037844384 10.5
0.8660254037844384 9.5
5.374807442869402 4.219529458269882 -1.4912179609150367 9.719529458269882
6.437804234275537 7.899070326754482 1.303829638059975 10.399070326754481
5.1494643609121145 4.474082585721519 1.7165610428723235 10.02591741427848
6.207384636711813 7.978259481147977 -1.0734100404962514 9.521740518852022
1 1.0
6.0 6.0
0.0 10.0
360.0 300.0
6.0 5.0
6.0 7.0
-0.8660254037844386 9.5
0.8660254037844386 10.5
5.451839977723287 4.16362652482423 -1.4141854260611515 8.663626524824231
6.563288787685723 7.826260093231876 1.429314191470162 11.326260093231875
5.113899826487122 4.536506221724124 1.7521255772973165 10.963493778275877
6.071880470058502 7.997413253383054 -0.93790587384294 8.502586746616945
1 1.0
6.0 6.0
0.0 10.0
360.0 360.0
6.0 5.0
6.0 7.0
-2.4492935982947064E-16 9.0
2.4492935982947064E-16 11.0
5.4452998037747715 4.167949705662156 -0.5547001962252289 8.167949705662156
6.5547001962252285 7.832050294337844 0.5547001962252289 11.832050294337844
5.146149062397056 4.479482395730391 0.853850937602944 11.52051760426961
6.0 8.0 -4.286263797015736E-16 8.0
1 1.0
0.0 10.0
0.0 0.0
60.0 60.0
0.8660254037844386 9.5
-0.8660254037844386 10.5
0.8660254037844386 -0.5000000000000001
-0.8660254037844386 0.5000000000000001
1.8660254037844386 9.5 1.8660254037844386 -0.5000000000000003
-1.8660254037844386 10.5 -1.8660254037844386 0.5000000000000003
1.7831009463422325 9.101286507323456 -1.7831009463422327 0.8987134926765428
-1.8098549282683 10.169567209991854 1.8098549282683 -0.16956720999185365
1 1.0
0.0 10.0
0.0 0.0
60.0 120.0
0.8660254037844386 9.5
-0.8660254037844386 10.5
0.8660254037844387 0.4999999999999997
-0.8660254037844387 -0.4999999999999997
1.8660254037844386 9.5 1.8660254037844388 0.49999999999999956
-1.8660254037844386 10.5 -1.8660254037844388 -0.49999999999999956
1.798400569760402 9.138507884081417 -1.798400569760402 -0.13850788408141546
-1.7984005697604024 10.138507884081417 1.7984005697604024 0.8614921159185827
1 1.0
0.0 10.0
0.0 0.0
60.0 180.0
0.8660254037844386 9.5
-0.8660254037844386 10.5
1.2246467991473532E-16 1.0
-1.2246467991473532E-16 -1.0
1.8608751549515483 9.398639393240076 0.9948497511671098 0.8986393932400768
-1.8632018687371765 10.424906073851735 -0.9971764649527382 -1.0750939261482637
1.8289154374485055 9.230105978075816 -0.9628900336640672 -0.7301059780758165
-1.8207292521006462 10.202442338343937 0.9547038483162075 1.2975576616560631
1 1.0
0.0 10.0
0.0 0.0
60.0 240.0
0.8660254037844386 9.5
-0.8660254037844386 10.5
-0.8660254037844384 0.5000000000000004
0.8660254037844384 -0.5000000000000004
1.8480059098464043 9.311017763495387 0.11595510227752737 0.3110177634953872
-1.8538545649317006 10.344457245790437 -0.12180375736282367 -0.6555427542095635
1.8458213008977098 9.299999999999999 -0.11377049332883282 -0.3
-1.8458213008977098 10.3 0.11377049332883293 0.7000000000000003
1 1.0
0.0 10.0
0.0 0.0
60.0 300.0
0.8660254037844386 9.5
-0.8660254037844386 10.5
-0.8660254037844386 -0.5
0.8660254037844386 0.5
1.8513546819487319 9.329335962803428 0.11930387437985457 -0.6706640371965724
-1.8513546819487319 10.329335962803428 -0.11930387437985457 0.329335962803428
1.8410214468280075 9.277777777777777 -0.10897063925913064 0.7222222222222218
-1.8493575698200722 10.318181818181818 0.11730676225119496 -0.31818181818181873
1 1.0
0.0 10.0
0.0 0.0
60.0 360.0
0.8660254037844386 9.5
-0.8660254037844386 10.5
-2.4492935982947064E-16 -1.0
2.4492935982947064E-16 1.0
1.8626412993245625 9.417800506347321 0.9966158955401238 -1.0821994936526789
-1.861895998670261 10.40921587009968 -0.9958705948858222 0.90921587009968
1.8095083082671066 9.168578804315493 -0.9434829044826679 1.3314211956845072
-1.8350693221741936 10.253111595590578 0.969043918389755 -0.7531115955905797
1 1.0
0.0 10.0
0.0 0.0
120.0 60.0
0.8660254037844387 10.5
-0.8660254037844387 9.5
0.8660254037844386 -0.5000000000000001
-0.8660254037844386 0.5000000000000001
1.8660254037844388 10.5 1.8660254037844386 -0.5000000000000003
-1.8660254037844388 9.5 -1.8660254037844386 0.5000000000000003
1.7984005697604022 10.138507884081417 -1.7984005697604017 0.8614921159185844
-1.7984005697604024 9.138507884081417 1.7984005697604024 -0.13850788408141723
1 1.0
0.0 10.0
0.0 0.0
120.0 120.0
0.8660254037844387 10.5
-0.8660254037844387 9.5
0.8660254037844387 0.4999999999999997
-0.8660254037844387 -0.4999999999999997
1.8660254037844388 10.5 1.8660254037844388 0.49999999999999956
-1.8660254037844388 9.5 -1.8660254037844388 -0.49999999999999956
1.8098549282683 10.169567209991854 -1.8098549282683 -0.1695672099918527
-1.7831009463422327 9.101286507323458 1.7831009463422327 0.8987134926765425
1 1.0
0.0 10.0
0.0 0.0
120.0 180.0
0.8660254037844387 10.5
-0.8660254037844387 9.5
1.2246467991473532E-16 1.0
-1.2246467991473532E-16 -1.0
1.8618959986702612 10.40921587009968 0.9958705948858225 0.9092158700996805
-1.8626412993245627 9.417800506347321 -0.9966158955401241 -1.0821994936526784
1.8350693221741934 10.253111595590578 -0.9690439183897547 -0.7531115955905774
-1.8095083082671066 9.168578804315493 0.9434829044826681 1.3314211956845075
1 1.0
0.0 10.0
0.0 0.0
120.0 240.0
0.8660254037844387 10.5
-0.8660254037844387 9.5
-0.8660254037844384 0.5000000000000004
0.8660254037844384 -0.5000000000000004
1.8513546819487319 10.329335962803428 0.11930387437985479 0.32933596280342803
-1.8513546819487319 9.329335962803428 -0.11930387437985479 -0.6706640371965724
1.8493575698200722 10.318181818181818 -0.11730676225119507 -0.31818181818181857
-1.841021446828008 9.277777777777779 0.10897063925913075 0.7222222222222224
1 1.0
0.0 10.0
0.0 0.0
120.0 300.0
0.8660254037844387 10.5
-0.8660254037844387 9.5
-0.8660254037844386 -0.5
0.8660254037844386 0.5
1.8538545649317006 10.344457245790437 0.12180375736282345 -0.6555427542095635
-1.8480059098464046 9.311017763495387 -0.11595510227752726 0.3110177634953871
1.8458213008977098 10.299999999999999 -0.1137704933288326 0.7000000000000004
-1.8458213008977098 9.3 0.11377049332883271 -0.30000000000000016
1 1.0
0.0 10.0
0.0 0.0
120.0 360.0
0.8660254037844387 10.5
-0.8660254037844387 9.5
-2.4492935982947064E-16 -1.0
2.4492935982947064E-16 1.0
1.8632018687371765 10.424906073851735 0.9971764649527377 -1.075093926148265
-1.8608751549515485 9.398639393240078 -0.9948497511671096 0.8986393932400771
1.8207292521006464 10.202442338343937 -0.9547038483162075 1.297557661656062
-1.8289154374485057 9.230105978075816 0.9628900336640668 -0.7301059780758161
1 1.0
0.0 10.0
0.0 0.0
180.0 60.0
1.2246467991473532E-16 11.0
-1.2246467991473532E-16 9.0
0.8660254037844386 -0.5000000000000001
-0.8660254037844386 0.5000000000000001
0.9971764649527382 11.075093926148265 1.8632018687371765 -0.4249060738517364
-0.9948497511671098 9.101360606759924 -1.8608751549515483 0.6013606067599233
0.962890033664067 10.730105978075816 -1.8289154374485057 0.7698940219241837
-0.9547038483162076 8.702442338343937 1.820729252100646 -0.202442338343937
1 1.0
0.0 10.0
0.0 0.0
180.0 120.0
1.2246467991473532E-16 11.0
-1.2246467991473532E-16 9.0
0.8660254037844387 0.4999999999999997
-0.8660254037844387 -0.4999999999999997
0.9966158955401241 11.082199493652679 1.8626412993245627 0.5821994936526782
-0.9958705948858225 9.09078412990032 -1.8618959986702612 -0.4092158700996803
0.9690439183897548 10.753111595590578 -1.8350693221741934 -0.2531115955905771
-0.9434829044826681 8.668578804315493 1.8095083082671066 0.8314211956845072
1 1.0
0.0 10.0
0.0 0.0
180.0 180.0
1.2246467991473532E-16 11.0
-1.2246467991473532E-16 9.0
1.2246467991473532E-16 1.0
-1.2246467991473532E-16 -1.0
1.0000000000000002 11.0 1.0000000000000002 0.9999999999999998
-1.0000000000000002 9.0 -1.0000000000000002 -0.9999999999999998
0.9860132971832695 10.833333333333334 -0.9860132971832695 -0.8333333333333335
-0.9682458365518544 8.75 0.9682458365518544 1.25
1 1.0
0.0 10.0
0.0 0.0
180.0 240.0
1.2246467991473532E-16 11.0
-1.2246467991473532E-16 9.0
-0.8660254037844384 0.5000000000000004
0.8660254037844384 -0.5000000000000004
0.9966158955401241 10.917800506347321 0.1305904917556856 0.4178005063473216
-0.9958705948858225 8.90921587009968 -0.12984519110138404 -0.5907841299003205
0.9950897951953022 10.901023742755287 -0.12906439141086368 -0.4010237427552865
-0.990936351265377 8.865667771026974 0.12491094748093856 0.6343322289730261
1 1.0
0.0 10.0
0.0 0.0
180.0 300.0
1.2246467991473532E-16 11.0
-1.2246467991473532E-16 9.0
-0.8660254037844386 -0.5
0.8660254037844386 0.5
0.997176464952738 10.924906073851735 0.13115106116829933 -0.5750939261482649
-0.9948497511671099 8.898639393240078 -0.12882434738267123 0.39863939324007713
0.9940981563229657 10.891515643545805 -0.12807275253852712 0.6084843564541932
-0.9927708990320068 8.879975244073645 0.12674549524756817 -0.37997524407364536
1 1.0
0.0 10.0
0.0 0.0
180.0 360.0
1.2246467991473532E-16 11.0
-1.2246467991473532E-16 9.0
-2.4492935982947064E-16 -1.0
2.4492935982947064E-16 1.0
1.0000000000000002 11.0 0.9999999999999998 -1.0000000000000002
-1.0000000000000002 9.0 -0.9999999999999998 1.0000000000000002
0.9797958971132713 10.799999999999999 -0.979795897113271 1.2000000000000004
-0.9797958971132713 8.8 0.9797958971132711 -0.8000000000000002
1 1.0
0.0 10.0
0.0 0.0
240.0 60.0
-0.8660254037844384 10.5
0.8660254037844384 9.5
0.8660254037844386 -0.5000000000000001
-0.8660254037844386 0.5000000000000001
0.12180375736282367 10.655542754209563 1.8538545649317006 -0.344457245790437
-0.11595510227752737 9.688982236504613 -1.8480059098464043 0.6889822365046134
0.11377049332883282 10.299999999999999 -1.8458213008977098 0.7000000000000006
-0.11377049332883282 9.3 1.8458213008977098 -0.30000000000000027
1 1.0
0.0 10.0
0.0 0.0
240.0 120.0
-0.8660254037844384 10.5
0.8660254037844384 9.5
0.8660254037844387 0.4999999999999997
-0.8660254037844387 -0.4999999999999997
0.11930387437985479 10.670664037196572 1.8513546819487319 0.6706640371965717
-0.11930387437985479 9.670664037196572 -1.8513546819487319 -0.32933596280342736
0.11730676225119507 10.318181818181818 -1.8493575698200722 -0.31818181818181784
-0.10897063925913075 9.277777777777779 1.841021446828008 0.7222222222222217
1 1.0
0.0 10.0
0.0 0.0
240.0 180.0
-0.8660254037844384 10.5
0.8660254037844384 9.5
1.2246467991473532E-16 1.0
-1.2246467991473532E-16 -1.0
0.12984519110138404 10.59078412990032 0.9958705948858225 1.09078412990032
-0.1305904917556856 9.582199493652679 -0.9966158955401241 -0.9178005063473211
0.12906439141086368 10.401023742755287 -0.9950897951953022 -0.9010237427552861
-0.12491094748093856 9.365667771026974 0.990936351265377 1.1343322289730255
1 1.0
0.0 10.0
0.0 0.0
240.0 240.0
-0.8660254037844384 10.5
0.8660254037844384 9.5
-0.8660254037844384 0.5000000000000004
0.8660254037844384 -0.5000000000000004
0.13397459621556163 10.5 0.13397459621556163 0.5000000000000002
-0.13397459621556163 9.5 -0.13397459621556163 -0.5000000000000002
0.1336767273951931 10.475594080330728 -0.1336767273951931 -0.4755940803307279
-0.13352874865758757 9.470142064105115 0.13352874865758757 0.5298579358948856
1 1.0
0.0 10.0
0.0 0.0
240.0 300.0
-0.8660254037844384 10.5
0.8660254037844384 9.5
-0.8660254037844386 -0.5
0.8660254037844386 0.5
0.13397459621556163 10.5 0.1339745962155614 -0.5000000000000002
-0.13397459621556163 9.5 -0.1339745962155614 0.5000000000000002
0.13361387122332624 10.473142601355477 -0.1336138712233259 0.5268573986445245
-0.13361387122332624 9.473142601355477 0.13361387122332602 -0.4731426013554769
1 1.0
0.0 10.0
0.0 0.0
240.0 360.0
-0.8660254037844384 10.5
0.8660254037844384 9.5
-2.4492935982947064E-16 -1.0
2.4492935982947064E-16 1.0
0.13115106116829967 10.575093926148265 0.9971764649527378 -0.9249060738517363
-0.12882434738267134 9.601360606759924 -0.9948497511671095 1.1013606067599233
0.1267454952475684 10.379975244073645 -0.9927708990320064 1.1200247559263552
-0.12807275253852723 9.391515643545807 0.9940981563229655 -0.8915156435458065
1 1.0
0.0 10.0
0.0 0.0
300.0 60.0
-0.8660254037844386 9.5
0.8660254037844386 10.5
0.8660254037844386 -0.5000000000000001
-0.8660254037844386 0.5000000000000001
0.11930387437985457 9.670664037196572 1.8513546819487319 -0.3293359628034281
-0.11930387437985457 10.670664037196572 -1.8513546819487319 0.6706640371965725
0.10897063925913042 9.277777777777777 -1.841021446828008 0.7222222222222219
-0.11730676225119496 10.318181818181818 1.8493575698200722 -0.31818181818181884
1 1.0
0.0 10.0
0.0 0.0
300.0 120.0
-0.8660254037844386 9.5
0.8660254037844386 10.5
0.8660254037844387 0.4999999999999997
-0.8660254037844387 -0.4999999999999997
0.11595510227752726 9.688982236504613 1.8480059098464046 0.6889822365046127
-0.12180375736282345 10.655542754209563 -1.8538545649317006 -0.34445724579043624
0.1137704933288326 9.299999999999999 -1.8458213008977098 -0.29999999999999927
-0.1137704933288326 10.3 1.84582130089771 0.6999999999999995
1 1.0
0.0 10.0
0.0 0.0
300.0 180.0
-0.8660254037844386 9.5
0.8660254037844386 10.5
1.2246467991473532E-16 1.0
-1.2246467991473532E-16 -1.0
0.12882434738267123 9.601360606759922 0.9948497511671099 1.1013606067599229
-0.13115106116829933 10.575093926148265 -0.997176464952738 -0.9249060738517351
0.128072752538527 9.391515643545805 -0.9940981563229658 -0.8915156435458068
-0.12674549524756806 10.379975244073645 0.9927708990320069 1.1200247559263545
1 1.0
0.0 10.0
0.0 0.0
300.0 240.0
-0.8660254037844386 9.5
0.8660254037844386 10.5
-0.8660254037844384 0.5000000000000004
0.8660254037844384 -0.5000000000000004
0.1339745962155614 9.5 0.13397459621556163 0.5000000000000002
-0.1339745962155614 10.5 -0.13397459621556163 -0.5000000000000002
0.13361387122332602 9.473142601355477 -0.13361387122332613 -0.4731426013554759
-0.13361387122332602 10.473142601355477 0.13361387122332624 0.5268573986445235
1 1.0
0.0 10.0
0.0 0.0
300.0 300.0
-0.8660254037844386 9.5
0.8660254037844386 10.5
-0.8660254037844386 -0.5
0.8660254037844386 0.5
0.1339745962155614 9.5 0.1339745962155614 -0.5000000000000002
-0.1339745962155614 10.5 -0.1339745962155614 0.5000000000000002
0.13352874865758735 9.470142064105115 -0.13352874865758735 0.5298579358948848
-0.13367672739519287 10.475594080330728 0.13367672739519287 -0.4755940803307281
1 1.0
0.0 10.0
0.0 0.0
300.0 360.0
-0.8660254037844386 9.5
0.8660254037844386 10.5
-2.4492935982947064E-16 -1.0
2.4492935982947064E-16 1.0
0.13059049175568538 9.582199493652679 0.9966158955401238 -0.9178005063473215
-0.12984519110138382 10.59078412990032 -0.9958705948858222 1.0907841299003194
0.12491094748093834 9.365667771026974 -0.9909363512653768 1.1343322289730253
-0.12906439141086357 10.401023742755287 0.9950897951953019 -0.9010237427552866
1 1.0
0.0 10.0
0.0 0.0
360.0 60.0
-2.4492935982947064E-16 9.0
2.4492935982947064E-16 11.0
0.8660254037844386 -0.5000000000000001
-0.8660254037844386 0.5000000000000001
0.9958705948858222 9.09078412990032 1.861895998670261 -0.40921587009968013
-0.9966158955401238 11.082199493652679 -1.8626412993245625 0.582199493652679
0.9434829044826677 8.668578804315493 -1.8095083082671066 0.8314211956845075
-0.9690439183897548 10.753111595590578 1.8350693221741938 -0.25311159559057983
1 1.0
0.0 10.0
0.0 0.0
360.0 120.0
-2.4492935982947064E-16 9.0
2.4492935982947064E-16 11.0
0.8660254037844387 0.4999999999999997
-0.8660254037844387 -0.4999999999999997
0.9948497511671096 9.101360606759922 1.8608751549515485 0.6013606067599225
-0.9971764649527377 11.075093926148265 -1.8632018687371765 -0.42490607385173473
0.9547038483162075 8.702442338343937 -1.8207292521006464 -0.2024423383439377
-0.9628900336640668 10.730105978075816 1.8289154374485057 0.7698940219241835
1 1.0
0.0 10.0
0.0 0.0
360.0 180.0
-2.4492935982947064E-16 9.0
2.4492935982947064E-16 11.0
1.2246467991473532E-16 1.0
-1.2246467991473532E-16 -1.0
0.9999999999999998 9.0 1.0000000000000002 0.9999999999999998
-0.9999999999999998 11.0 -1.0000000000000002 -0.9999999999999998
0.979795897113271 8.799999999999999 -0.9797958971132713 -0.7999999999999996
-0.979795897113271 10.8 0.9797958971132714 1.1999999999999997
1 1.0
0.0 10.0
0.0 0.0
360.0 240.0
-2.4492935982947064E-16 9.0
2.4492935982947064E-16 11.0
-0.8660254037844384 0.5000000000000004
0.8660254037844384 -0.5000000000000004
0.9948497511671095 8.898639393240076 0.12882434738267134 0.39863939324007724
-0.9971764649527378 10.924906073851735 -0.13115106116829967 -0.5750939261482642
0.9927708990320065 8.879975244073645 -0.12674549524756829 -0.3799752440736452
-0.9940981563229654 10.891515643545807 0.12807275253852735 0.608484356454194
1 1.0
0.0 10.0
0.0 0.0
360.0 300.0
-2.4492935982947064E-16 9.0
2.4492935982947064E-16 11.0
-0.8660254037844386 -0.5
0.8660254037844386 0.5
0.9958705948858222 8.90921587009968 0.12984519110138382 -0.5907841299003195
-0.9966158955401238 10.917800506347321 -0.13059049175568538 0.4178005063473215
0.9909363512653767 8.865667771026974 -0.12491094748093845 0.6343322289730253
-0.9950897951953019 10.901023742755287 0.12906439141086357 -0.4010237427552866
1 1.0
0.0 10.0
0.0 0.0
360.0 360.0
-2.4492935982947064E-16 9.0
2.4492935982947064E-16 11.0
-2.4492935982947064E-16 -1.0
2.4492935982947064E-16 1.0
0.9999999999999998 9.0 0.9999999999999998 -1.0000000000000002
-0.9999999999999998 11.0 -0.9999999999999998 1.0000000000000002
0.9682458365518539 8.75 -0.9682458365518541 1.2499999999999996
-0.9860132971832691 10.833333333333334 0.9860132971832692 -0.833333333333334
1 1.0
0.0 0.0
4.0 4.0
60.0 0.0
0.8660254037844386 -0.5000000000000001
-0.8660254037844386 0.5000000000000001
4.0 3.0
4.0 5.0
0.12103753640955206 0.16707801452620097 3.2550121326251134 3.667078014526201
-0.18707071194504932 -0.23418017300202265 4.678954691839389 4.265819826997977
0.19810074286838286 0.24422889445396556 4.667924660916055 4.255771105546034
-0.11549632524215891 -0.1608374249862642 3.2494709214577204 3.6608374249862643
1 1.0
4.0 4.0
10.0 0.0
0.0 0.0
4.0 3.0
4.0 5.0
10.0 -1.0
10.0 1.0
4.554700196225229 3.8320502943378436 10.55470019622523 -0.1679497056621566
3.4452998037747706 4.167949705662156 9.44529980377477 0.1679497056621566
4.6 3.8 9.4 0.20000000000000018
3.47948239573039 4.146149062397057 10.52051760426961 -0.1461490623970566
1 1.0
10.0 0.0
10.0 10.0
0.0 180.0
10.0 -1.0
10.0 1.0
10.0 11.0
10.0 9.0
9.0 -0.9999999999999999 9.0 11.0
11.0 0.9999999999999999 11.0 9.0
9.020204102886728 -0.7999999999999998 10.979795897113272 8.799999999999999
10.979795897113272 1.2 9.020204102886728 10.8
1 1.0
10.0 10.0
6.0 6.0
180.0 180.0
10.0 11.0
10.0 9.0
6.0 7.0
6.0 5.0
10.707106781186548 10.292893218813454 6.707106781186548 6.292893218813453
9.292893218813452 9.707106781186546 5.292893218813452 5.707106781186547
10.645561911185636 10.236292059209577 5.354438088814364 5.7637079407904235
9.200000000000001 9.600000000000001 6.799999999999999 6.3999999999999995
1 1.0
6.0 6.0
0.0 10.0
180.0 180.0
6.0 7.0
6.0 5.0
1.2246467991473532E-16 11.0
-1.2246467991473532E-16 9.0
5.4452998037747715 6.167949705662156 -0.5547001962252286 10.167949705662156
6.5547001962252285 5.832050294337844 0.5547001962252286 9.832050294337844
5.4 6.2 0.6 9.8
6.520517604269611 5.853850937602942 -0.5205176042696114 10.146149062397058
1 1.0
0.0 10.0
0.0 0.0
180.0 300.0
1.2246467991473532E-16 11.0
-1.2246467991473532E-16 9.0
-0.8660254037844386 -0.5
0.8660254037844386 0.5
0.997176464952738 10.924906073851735 0.13115106116829933 -0.5750939261482649
-0.9948497511671099 8.898639393240078 -0.12882434738267123 0.39863939324007713
0.9940981563229657 10.891515643545805 -0.12807275253852712 0.6084843564541932
-0.9927708990320068 8.879975244073645 0.12674549524756817 -0.37997524407364536
